90,89,83,83,82,81,84,84,83,84,84,84,81,84,82,85,85,86,88,91,89,87,91,89,87,87,87,90,92,91,94,90,90,94,92,92,97,91,93,91,97,100,104,103,98,107,121,111,113,118,117,123,126,128,116,126,150,146,157,155,157,161,163,161,164,159,154,162,160,168,174,175,167,162,168,168,158,148,161,159,166,161,152,157,125,116,147,155,108,121,148,146,169,152,142,109,149,136,153,167,178,198,191,196,193,189,181,182,180,180,181,172,179,181,171,158,152,159,149,142,144,165,162,159,159,158,164,165,168,170,167,154,149,160,165,181,186,183,180,192,207,204,198,203,205,200,194,190,203,212,224,227,220,206,219,229,240,240,245,242,240,226,244,256,244,260,245,248,248,252,274,263,256,275,277,260,251,272,281,270,252,256,263,265,267,239,259,235,253,266,270,264,255,260,267,271,279,308,291,302,294,258,246,233,180,231,291,299,294,255,212,195,243,262,218,227,230,257,277,312,309,270,236,297,304,352,437,384,443,405,390,469,507,486,388,463,463,437,418,462,424,406,392,358,345,374,405,420,390,386,432,418,398,421,436,479
89,88,82,81,81,82,82,83,83,84,84,84,82,83,83,83,84,85,88,91,87,85,91,85,94,87,87,87,91,89,90,90,94,89,88,88,104,108,101,99,96,104,107,108,103,99,122,117,118,131,118,123,139,127,118,133,145,149,154,163,164,163,158,162,168,164,152,156,161,168,173,174,171,164,158,153,162,155,163,163,169,163,152,126,113,132,159,142,112,112,136,144,173,146,133,108,156,164,152,181,188,174,191,196,194,194,197,197,188,196,206,192,179,186,178,169,174,169,169,161,145,161,167,166,166,162,160,152,143,160,149,161,167,177,183,187,191,188,191,192,203,202,207,208,215,214,208,216,212,201,217,228,230,216,217,222,238,249,251,245,235,226,240,247,260,265,244,242,258,267,277,277,269,265,270,282,266,262,268,274,258,276,277,267,250,250,274,255,258,264,262,267,274,286,268,281,296,290,272,282,282,249,196,197,176,257,226,257,260,233,202,215,246,273,248,204,207,251,289,313,329,300,263,261,298,330,359,329,375,402,383,459,467,511,494,488,477,459,470,464,437,426,386,371,378,373,382,401,422,415,445,425,407,421,430,506
88,90,81,81,82,83,82,83,84,84,85,84,82,83,84,83,85,85,89,90,86,88,91,89,91,94,91,87,87,88,89,88,88,92,91,105,116,117,107,100,100,96,107,117,113,103,105,107,123,131,126,129,140,126,128,125,133,155,157,160,168,162,170,164,166,165,151,142,166,167,173,170,169,172,167,160,160,161,167,165,163,162,141,125,129,137,156,147,116,122,140,143,169,148,147,117,150,163,173,187,165,169,192,198,205,202,213,207,206,200,200,188,180,193,192,182,182,185,173,153,136,162,153,154,177,170,158,133,149,162,141,176,170,179,189,195,196,197,200,200,203,209,213,216,219,218,220,224,217,204,209,212,231,234,234,227,237,255,258,243,229,246,245,261,256,278,271,252,268,269,276,279,282,287,281,288,284,258,270,268,284,279,276,282,246,272,277,251,263,282,288,269,275,284,286,287,291,262,250,268,271,237,247,216,178,206,216,232,222,218,239,258,240,291,252,250,239,222,276,277,314,336,352,283,267,292,280,303,295,307,355,386,491,455,501,501,495,482,476,430,445,388,353,415,415,406,415,421,441,461,437,448,419,450,541,480
85,85,81,83,82,82,82,81,82,82,83,82,83,81,84,84,84,86,89,86,85,86,84,88,82,95,95,89,88,87,88,87,88,89,104,136,134,123,110,104,108,102,104,122,115,106,107,107,118,123,133,129,137,131,130,138,137,151,146,153,161,138,149,154,168,154,159,136,142,164,177,174,176,175,169,165,159,160,168,168,165,159,138,124,146,158,167,153,124,108,144,148,171,166,168,142,111,155,156,152,176,165,166,171,193,176,199,195,198,193,190,190,186,187,186,182,176,166,127,124,146,143,132,129,148,150,158,151,168,178,167,158,160,171,177,198,207,199,189,197,206,204,203,202,205,207,207,215,223,221,211,221,221,228,243,245,251,254,258,254,250,259,266,265,260,281,283,271,272,240,253,273,288,303,293,305,287,275,287,283,293,283,284,283,269,260,295,281,265,270,299,278,279,287,280,292,282,263,245,267,223,244,220,175,202,170,215,197,272,223,283,293,269,278,274,290,272,252,232,234,271,306,374,315,319,285,341,356,335,323,342,379,418,398,438,495,505,491,445,386,371,391,369,374,435,428,438,435,456,465,464,444,424,510,572,474
85,87,82,83,83,81,81,82,81,81,83,82,83,83,83,83,84,87,89,86,82,86,85,86,84,93,93,89,89,87,87,91,87,90,135,126,119,116,114,112,109,103,112,126,120,118,113,112,111,123,126,120,134,133,134,138,143,142,142,132,145,129,141,141,170,167,160,141,133,143,174,179,176,171,175,167,163,168,171,169,164,159,135,134,156,159,163,152,119,107,136,142,162,172,139,153,117,127,134,149,172,159,145,163,163,166,178,177,194,193,178,175,179,163,188,169,164,133,144,133,155,158,164,161,160,156,169,177,179,172,181,170,152,163,157,162,165,186,192,191,176,182,186,181,187,211,216,221,233,223,223,226,230,239,248,260,267,249,271,276,262,274,279,279,284,280,239,242,226,249,268,243,257,286,287,299,271,291,294,290,289,292,291,296,273,290,300,271,277,272,304,291,293,286,261,261,275,250,222,271,229,208,177,210,246,250,267,240,263,229,233,325,312,291,295,307,307,290,226,277,252,292,315,358,433,356,401,496,429,389,357,382,330,437,493,503,503,473,466,434,408,412,423,370,419,441,459,470,468,483,475,473,516,580,506,496
85,86,82,81,81,81,82,80,81,81,82,81,84,82,84,85,86,86,88,89,86,86,88,87,87,88,85,88,91,90,89,93,89,131,128,113,107,108,111,112,111,113,116,120,121,125,117,114,118,125,119,119,120,131,139,141,142,145,145,133,129,127,130,146,151,152,148,140,136,151,167,180,183,177,175,169,171,166,172,161,155,153,127,149,169,149,131,121,115,110,149,165,175,151,163,174,143,110,122,150,123,123,125,164,152,159,182,194,191,178,172,140,151,160,168,154,139,127,160,125,154,139,139,160,178,181,183,187,184,184,172,180,187,187,172,179,174,181,190,177,199,209,212,211,211,196,212,213,238,241,245,245,233,257,265,268,257,271,266,283,260,270,280,251,251,241,230,201,198,208,240,272,297,281,256,243,222,274,251,247,272,288,298,305,276,290,299,301,288,293,298,268,278,242,257,245,266,278,244,250,203,179,222,217,233,278,271,273,306,248,289,258,306,320,318,294,305,292,276,298,280,230,288,358,450,429,442,500,446,478,459,477,415,442,511,514,500,480,455,438,447,463,430,419,416,460,472,461,449,450,482,492,504,598,565,595
85,85,80,81,81,80,81,80,81,80,81,81,82,82,85,84,86,85,86,89,86,81,89,86,94,88,86,88,90,87,89,96,125,137,108,101,112,114,114,113,112,112,115,119,122,128,115,112,117,115,111,123,124,136,136,136,137,135,140,133,119,119,130,143,142,146,145,145,130,140,155,158,183,177,177,182,175,173,164,167,169,148,139,162,166,150,144,130,108,119,158,165,187,175,183,166,140,150,134,132,144,152,135,136,139,158,166,189,192,169,172,160,135,149,162,139,121,149,156,131,125,140,126,146,171,165,171,183,194,195,189,190,189,194,172,191,174,204,203,183,194,211,222,213,231,214,210,230,249,250,254,248,245,259,264,270,265,232,269,265,270,276,266,222,213,188,233,177,215,260,258,283,261,238,242,229,217,255,267,215,257,256,265,295,294,295,306,307,304,302,296,288,266,261,271,263,254,272,261,205,188,182,189,250,231,237,239,252,293,310,317,371,306,346,314,280,258,263,294,299,286,236,337,418,442,413,389,507,419,516,513,503,514,501,508,506,503,484,470,478,456,450,420,430,433,468,472,457,449,474,473,478,527,487,545,535
83,81,82,83,79,81,78,82,82,80,81,80,82,83,84,86,85,84,87,87,86,85,90,83,90,84,90,87,88,86,91,111,120,102,105,108,116,128,124,121,116,114,116,112,118,125,112,106,108,105,116,125,119,127,128,121,129,126,127,125,114,118,118,129,130,133,139,128,124,125,145,156,174,174,176,182,175,177,164,156,168,138,154,170,171,158,142,118,107,133,160,169,177,176,178,172,165,169,133,157,149,171,155,119,155,180,170,195,206,192,194,166,125,139,143,137,136,157,171,172,153,153,129,138,154,152,178,192,202,202,190,201,195,197,199,188,197,200,214,195,194,201,215,225,232,235,218,220,236,239,255,265,258,255,262,240,220,193,217,263,263,211,215,215,217,176,182,173,207,228,258,274,241,192,238,208,180,225,251,227,245,261,268,280,281,299,309,308,301,276,279,233,238,236,196,241,225,268,267,253,201,197,221,226,254,275,288,291,286,329,347,394,347,376,314,284,281,293,306,305,289,247,297,347,390,304,409,420,382,492,520,513,514,515,505,492,485,477,467,467,466,447,398,442,431,433,453,460,474,481,463,439,487,498,470,507
83,83,79,79,80,80,80,82,80,81,81,80,82,84,84,85,86,85,87,86,84,86,89,89,89,90,87,89,88,91,100,95,108,98,108,123,133,147,147,123,114,109,110,110,107,110,109,101,106,113,119,116,119,115,114,128,128,129,113,114,117,120,118,121,125,130,124,128,141,134,134,142,146,171,157,178,181,187,157,144,141,135,163,167,141,146,147,116,107,162,146,153,161,171,188,197,199,151,163,168,154,172,149,145,123,146,147,168,170,161,150,137,141,139,133,122,130,143,164,178,172,155,123,157,174,178,175,184,198,209,208,214,212,211,211,194,189,202,212,202,213,228,218,221,244,246,232,236,238,239,255,268,258,268,247,206,192,194,211,225,221,192,205,189,180,177,166,166,182,198,232,251,197,179,242,211,171,200,202,210,242,283,288,273,250,264,291,308,302,302,300,280,266,252,245,194,172,222,230,215,199,193,281,251,270,271,303,366,356,337,344,422,377,358,302,291,308,314,298,288,259,265,240,280,279,313,339,294,332,505,535,521,499,485,483,485,475,465,458,408,420,390,419,423,390,440,441,465,459,475,477,433,466,524,456,448
82,81,78,80,81,79,80,80,80,81,82,82,83,85,84,86,85,85,84,84,85,90,88,92,93,88,86,95,91,87,97,106,119,114,113,125,139,144,154,122,108,102,100,108,100,111,101,103,116,111,105,105,106,107,118,117,124,119,109,116,124,134,125,119,117,125,131,143,147,139,134,131,146,148,162,180,187,185,160,142,143,142,169,140,125,121,117,118,107,122,147,144,163,156,190,195,205,190,188,182,160,168,149,152,131,122,147,170,156,129,122,144,172,181,153,152,150,179,179,178,163,145,122,140,177,177,181,191,200,195,187,202,204,214,221,219,214,211,233,221,224,227,235,231,239,251,229,246,256,255,268,258,255,242,242,220,192,224,177,188,180,171,203,190,168,168,164,179,194,218,230,244,205,171,228,213,190,170,198,241,252,241,259,274,237,282,307,298,275,262,270,271,285,282,272,247,198,221,177,199,255,251,286,258,287,285,313,349,362,348,371,399,411,362,319,335,375,334,295,270,286,323,295,352,278,278,286,326,405,525,522,511,509,482,445,456,472,455,468,436,445,423,444,423,399,410,451,448,442,469,487,469,456,487,433,543
82,80,79,80,79,80,80,80,80,80,81,81,85,83,83,84,83,84,83,85,87,85,86,89,92,92,92,89,85,86,98,137,124,114,107,121,137,150,131,118,108,106,97,99,99,101,95,95,100,101,102,100,105,102,103,112,106,112,109,122,123,150,143,123,125,125,139,140,145,147,150,152,139,141,163,170,178,179,170,137,149,152,163,152,129,125,127,107,107,107,141,166,191,160,179,180,192,200,190,163,185,170,177,149,148,134,128,153,122,130,130,152,161,185,190,200,181,171,190,189,168,167,150,124,151,148,186,192,175,182,189,205,216,227,231,229,220,216,218,219,220,216,233,253,249,246,251,252,250,244,260,236,220,206,229,199,169,183,165,173,165,165,183,196,174,155,158,175,197,198,203,202,191,186,176,197,179,164,229,266,212,258,272,228,260,248,269,286,271,244,214,252,278,259,242,223,192,186,181,244,235,274,291,301,274,319,328,335,323,305,319,371,372,382,326,401,362,318,300,264,291,391,372,321,359,352,274,350,509,502,526,512,496,487,477,463,440,440,437,437,449,422,423,442,400,429,432,446,436,444,424,419,447,485,451,435
83,80,79,78,79,79,79,79,79,82,82,82,83,85,84,83,85,85,84,84,86,85,83,88,91,91,87,87,84,94,128,141,134,119,116,115,138,147,127,116,106,99,95,93,93,94,94,95,98,105,107,103,111,108,116,115,123,119,117,123,137,149,145,133,142,135,129,141,162,159,147,161,152,151,147,164,167,187,144,141,129,145,163,151,158,148,126,107,124,109,110,113,157,152,147,155,185,189,200,203,181,180,167,149,153,155,118,117,125,145,166,146,163,165,200,218,192,205,205,199,180,182,156,154,127,166,178,182,166,194,196,208,218,210,211,221,209,206,202,199,210,203,232,243,251,264,264,242,204,196,234,228,217,191,198,196,172,181,159,159,160,164,178,186,176,163,146,158,175,196,173,196,166,195,164,178,154,197,228,220,176,222,242,210,234,240,261,240,266,222,215,195,258,232,257,192,200,197,200,227,277,258,294,304,309,307,311,309,309,296,343,336,334,337,374,381,318,290,285,275,287,417,413,332,390,354,274,325,398,491,523,511,513,497,482,466,443,454,456,447,438,413,404,398,384,411,389,417,425,397,412,432,422,474,434,522
81,80,79,78,78,79,78,79,81,83,81,82,82,84,82,82,83,86,86,86,85,86,82,87,89,88,84,85,87,106,128,138,134,118,132,132,136,140,136,113,117,113,100,91,91,95,97,99,103,106,115,122,124,123,130,125,125,132,123,111,137,142,145,153,154,141,131,140,148,161,151,167,153,159,150,156,169,179,139,130,130,142,139,133,138,131,119,114,143,119,107,107,123,139,151,171,192,195,220,211,198,198,176,182,175,144,117,139,153,153,184,147,176,166,195,202,211,212,189,185,192,181,173,175,132,152,165,173,183,185,204,210,199,199,207,207,186,172,188,192,203,207,207,230,249,260,244,222,187,183,215,229,217,176,181,193,157,171,165,155,155,158,171,174,166,150,149,167,183,181,167,197,149,168,153,151,173,227,197,201,168,225,248,207,206,249,218,227,238,203,249,205,247,206,236,230,212,202,197,237,239,262,270,285,295,294,297,297,291,293,318,314,347,383,378,407,396,404,414,302,321,474,445,420,473,425,346,324,369,418,506,505,502,500,492,483,464,465,452,431,417,416,424,406,410,396,444,387,372,431,458,418,411,453,437,459
80,78,77,77,78,78,79,79,82,81,81,81,82,82,82,83,85,86,82,85,86,83,82,86,87,90,85,84,97,134,134,136,134,125,140,135,137,129,130,116,102,119,110,91,88,93,95,98,104,115,115,121,123,127,134,127,130,143,136,126,112,120,121,133,149,145,139,157,150,159,154,163,167,169,168,173,167,157,130,124,125,138,127,124,110,114,107,144,172,146,127,119,150,178,174,182,189,177,182,191,215,215,190,200,171,159,129,161,145,165,197,164,160,177,173,197,222,222,216,190,188,176,160,149,147,133,171,159,176,179,197,182,185,200,181,175,183,185,206,221,214,224,229,236,250,258,249,202,169,186,190,189,221,197,158,182,161,155,152,151,148,165,168,160,146,146,158,169,184,162,158,161,150,151,165,149,175,158,162,155,184,238,225,249,201,256,200,223,207,207,189,252,195,194,194,201,199,202,241,199,201,218,255,277,265,293,261,272,292,299,298,289,311,341,384,487,490,515,463,285,446,521,483,504,485,431,373,515,422,480,506,504,497,491,482,478,467,453,451,436,428,419,400,416,417,426,446,452,394,473,506,515,424,489,465,490
80,77,78,77,77,78,80,80,80,81,81,81,81,83,83,85,85,83,81,81,80,80,84,87,88,88,88,86,103,134,133,138,138,135,138,137,123,116,110,102,96,105,98,87,100,100,106,107,106,115,110,117,129,123,137,141,141,142,146,147,118,137,131,135,145,150,145,157,157,154,158,156,166,176,179,183,157,145,127,128,123,131,120,124,115,109,111,119,154,170,139,133,124,144,146,144,165,172,186,186,204,223,203,191,172,158,145,187,159,172,197,163,164,197,196,213,222,231,204,182,164,152,170,164,173,136,168,168,186,198,194,178,177,188,186,173,201,212,215,234,218,241,247,250,248,251,244,201,189,154,165,161,196,172,156,170,171,164,154,144,142,152,146,149,144,153,149,165,162,147,156,159,155,154,172,155,154,156,144,157,158,204,214,183,263,246,209,218,215,234,182,208,170,199,183,203,242,210,249,266,239,207,209,245,271,291,272,285,280,282,282,295,303,308,361,436,453,466,393,327,454,511,537,518,504,428,385,523,521,513,506,505,474,472,455,472,467,462,450,435,430,415,421,416,425,435,448,446,406,499,545,465,424,463,437,494
77,77,78,77,77,79,79,82,80,81,81,80,82,83,81,83,83,78,87,83,82,84,85,87,88,89,92,87,117,127,139,135,141,133,130,127,123,104,112,105,93,91,87,92,111,108,114,117,105,109,109,114,118,131,146,135,132,127,139,148,141,152,143,149,129,128,144,147,141,148,152,160,177,175,169,166,149,134,139,141,127,119,113,126,116,119,113,129,157,147,120,114,107,160,153,148,156,178,182,200,208,220,221,187,169,165,165,188,185,163,183,157,192,205,202,220,238,211,193,168,205,181,173,167,185,156,144,160,176,164,164,154,145,165,161,182,190,215,231,245,245,248,247,240,239,214,219,239,208,159,148,137,166,162,145,155,159,146,154,156,139,143,157,147,143,155,144,156,152,149,151,160,171,157,180,188,194,207,149,155,179,212,192,183,239,266,194,224,230,211,190,165,179,180,203,201,256,271,298,282,242,263,286,302,266,268,304,309,298,309,307,329,327,352,337,428,420,356,364,371,537,544,521,491,523,430,383,427,523,516,509,497,493,487,465,473,456,441,450,435,439,437,413,415,429,438,449,450,424,417,496,539,446,462,542,454
75,76,76,76,76,78,77,80,79,80,80,81,82,83,82,83,83,81,87,83,82,84,84,85,87,88,88,100,116,118,130,123,135,137,116,105,109,97,103,100,95,87,86,95,96,92,102,103,102,108,116,120,121,133,131,130,124,124,144,139,137,152,143,135,129,123,130,146,141,148,151,156,166,168,163,151,154,134,126,124,133,122,119,111,110,136,114,126,168,152,141,145,109,117,122,154,179,178,195,204,212,206,214,194,179,156,179,180,187,190,181,151,180,194,225,227,223,207,179,196,197,179,177,175,196,177,159,135,169,129,131,165,180,185,201,211,217,223,225,228,225,244,242,232,220,199,227,243,183,165,152,133,147,150,147,161,139,146,144,145,148,149,160,169,153,146,158,166,172,158,155,148,159,179,181,207,201,175,167,155,191,184,156,212,199,176,167,180,187,218,196,224,208,213,244,194,274,289,300,274,266,245,260,289,297,273,273,297,310,328,312,338,316,366,402,432,417,450,356,359,498,552,537,524,526,514,421,451,523,515,503,475,477,481,476,463,443,452,450,447,448,434,449,435,423,439,445,439,453,403,452,586,503,552,610,474
76,75,76,77,77,78,78,78,80,81,80,80,81,81,80,81,83,82,82,84,86,80,84,85,87,86,91,133,138,137,127,109,129,121,95,97,102,96,91,88,87,85,84,86,86,85,100,95,103,109,112,115,117,125,118,115,117,127,139,146,146,155,132,127,119,124,137,139,136,144,151,143,147,150,151,164,164,136,138,131,141,143,121,120,118,130,114,124,163,164,181,183,116,117,162,163,182,183,183,193,194,165,201,218,213,168,174,209,218,197,169,165,213,202,215,230,214,223,222,206,193,169,201,194,191,166,162,161,188,147,165,142,142,165,196,209,210,216,224,230,230,254,239,209,177,187,196,200,177,152,134,137,137,146,142,158,144,148,141,153,162,139,156,161,163,148,179,154,152,154,179,167,168,177,191,223,211,166,172,152,167,152,148,242,190,187,189,164,186,173,203,190,214,250,243,224,258,270,297,286,278,242,284,304,301,286,288,284,295,335,333,344,319,395,430,464,476,444,379,512,532,556,539,546,530,484,419,459,519,507,505,501,489,454,458,449,452,458,468,463,430,431,435,445,441,461,482,448,474,497,458,672,551,640,624,551
75,76,75,75,78,77,78,79,79,79,80,81,81,80,82,81,83,82,83,82,89,89,82,88,85,84,121,136,134,134,123,100,117,101,95,89,93,88,83,89,91,95,99,101,94,89,92,98,94,101,105,108,107,107,111,117,130,133,139,127,125,125,112,111,126,130,124,122,124,129,128,131,138,148,149,174,151,131,124,126,139,132,126,136,130,128,111,127,163,175,167,172,123,110,129,134,125,149,152,171,166,181,200,201,212,187,207,187,213,181,179,179,217,233,216,225,252,237,218,207,186,181,191,185,174,189,203,183,151,155,201,193,166,127,158,180,195,199,200,210,218,242,222,197,172,194,196,188,189,160,157,139,151,148,145,155,144,160,147,161,171,149,151,162,167,155,157,166,165,152,152,179,163,161,179,219,215,180,151,169,209,189,150,190,214,175,180,173,198,162,199,181,254,211,274,250,276,266,264,300,287,236,291,317,301,300,312,288,290,316,336,367,323,408,456,494,394,402,335,481,556,535,532,518,513,432,524,524,520,517,517,504,475,474,475,465,462,464,453,453,435,433,416,450,485,560,480,444,527,531,469,635,682,690,563,499
76,76,75,76,76,76,77,78,79,80,81,82,81,85,83,78,77,79,85,78,85,85,81,86,84,83,116,128,122,119,107,99,93,94,89,87,89,89,88,88,92,94,95,101,89,97,95,103,109,107,112,111,110,114,127,123,126,116,109,110,111,110,109,110,113,118,120,137,140,135,144,148,147,160,159,172,154,132,125,130,128,133,139,139,131,118,111,132,149,173,160,167,148,107,124,139,160,154,150,151,172,177,183,216,233,216,208,224,232,195,195,167,207,219,235,242,251,234,206,204,213,180,208,195,194,217,196,162,150,181,200,199,194,157,155,168,194,179,212,228,218,232,212,191,156,179,173,192,178,141,145,141,139,142,140,146,152,176,147,160,172,159,166,172,207,163,154,158,164,171,160,200,190,164,179,191,180,165,173,179,203,201,171,191,166,173,185,193,248,186,176,204,217,217,260,291,302,298,304,308,302,280,297,315,319,333,327,305,305,296,325,362,331,395,423,408,413,373,388,507,554,526,507,504,511,472,532,536,522,523,517,480,491,494,490,476,478,471,462,463,456,443,440,451,474,562,487,557,648,509,442,526,664,599,512,531
77,78,76,76,76,75,78,77,79,79,81,81,79,89,77,86,78,79,79,83,81,83,83,83,82,84,108,121,107,101,95,91,89,86,85,89,85,91,89,89,101,103,94,102,95,91,93,100,105,106,115,116,116,125,128,116,109,110,116,129,128,115,124,118,123,128,129,140,149,153,161,147,153,168,178,165,145,126,131,125,126,134,149,149,144,122,118,132,141,173,178,177,146,107,129,154,178,189,183,185,172,158,190,204,195,212,225,221,229,218,209,175,203,205,231,229,257,229,217,228,187,205,216,200,200,212,188,151,137,201,214,205,192,187,130,148,164,195,213,210,182,205,190,183,144,146,162,181,174,141,143,147,144,148,160,173,174,183,161,165,189,184,165,177,193,180,162,156,164,176,164,182,208,179,191,218,205,164,185,231,211,261,248,219,161,202,193,183,262,239,231,206,221,232,233,257,288,281,297,305,310,298,309,312,327,340,339,343,338,315,309,345,400,406,380,441,405,382,437,469,555,547,486,466,452,516,530,542,532,531,520,499,502,494,488,475,482,489,477,453,450,452,434,442,463,538,599,647,599,476,583,582,696,638,542,558
76,75,75,76,76,76,77,78,79,78,80,79,79,79,79,83,84,81,84,83,82,83,83,82,83,85,87,104,96,90,85,87,83,88,83,83,86,92,96,93,96,104,97,101,98,88,105,97,93,98,100,109,112,114,107,101,110,114,119,131,134,134,131,128,126,136,138,141,154,153,160,157,164,172,168,174,147,130,135,135,135,147,146,137,129,122,135,149,160,171,168,166,146,112,136,151,170,175,198,209,188,187,180,174,178,181,200,213,231,246,208,209,188,219,228,249,254,244,242,214,210,229,228,222,211,195,176,161,146,168,210,213,209,193,170,153,143,140,171,162,161,150,148,148,149,157,169,180,178,145,142,139,144,142,160,157,184,186,176,158,168,185,182,187,212,202,171,162,163,182,173,175,199,187,203,225,195,165,244,262,253,247,249,220,162,164,195,214,245,265,235,236,203,258,269,227,252,230,260,307,317,294,316,329,326,346,339,368,363,401,341,403,466,412,419,422,462,428,431,555,553,494,531,511,513,538,542,540,543,537,515,501,500,492,477,461,469,461,478,471,477,465,474,479,484,585,601,700,689,589,698,627,688,545,604,665
75,75,75,75,77,77,77,77,78,78,79,78,80,79,81,81,83,83,84,87,85,81,81,84,83,83,85,83,90,83,81,86,83,88,82,82,91,94,99,100,100,106,100,106,107,94,103,98,94,101,97,101,102,101,101,100,112,129,126,127,126,133,131,127,129,131,138,139,137,148,163,172,159,159,165,162,144,139,152,155,147,152,148,133,120,127,132,141,150,172,171,166,142,122,133,136,174,171,177,178,201,207,208,208,210,207,190,203,215,232,234,204,180,224,239,256,260,249,225,216,235,213,215,208,205,170,174,187,160,163,190,212,198,192,189,190,172,165,127,152,162,139,128,133,150,131,134,153,170,151,135,139,144,147,150,163,164,161,175,163,167,174,183,192,209,211,173,166,168,177,181,175,196,198,200,196,187,175,220,262,255,242,254,215,159,165,167,237,273,293,275,221,250,257,278,276,284,280,291,318,317,304,307,319,344,345,339,356,429,443,431,460,436,417,450,439,538,459,428,533,508,534,533,530,524,550,550,547,543,536,510,506,508,478,453,461,450,463,481,475,466,454,444,429,505,507,481,704,650,652,778,785,684,637,633,830
74,74,75,75,76,78,77,79,78,77,77,81,80,79,79,84,79,79,88,80,82,81,81,88,82,82,82,82,81,83,82,82,87,89,90,87,89,91,95,99,105,108,102,113,105,94,98,108,97,96,108,103,110,105,117,112,108,105,115,114,128,122,123,117,115,121,123,126,135,150,164,170,155,147,152,161,145,135,137,141,154,148,138,119,115,130,150,148,156,163,155,154,132,117,124,137,138,141,169,180,194,201,195,195,222,230,229,218,200,223,238,229,190,213,236,257,261,261,245,250,232,212,203,188,162,188,198,200,159,163,189,204,218,204,194,180,159,178,169,151,159,132,140,132,129,143,128,147,150,137,140,148,147,132,146,163,175,182,185,186,189,187,178,197,212,204,177,179,177,199,188,198,243,217,204,234,195,187,190,242,243,200,177,179,182,181,163,226,226,221,256,252,267,284,294,303,303,308,319,322,306,308,323,334,343,341,341,340,438,437,481,464,506,446,437,475,565,519,556,534,536,551,531,549,535,554,539,548,544,531,516,517,511,501,477,461,453,459,463,452,442,432,426,463,549,405,477,675,484,629,700,690,761,635,761,766
74,74,76,75,76,77,78,78,78,77,77,78,79,79,80,80,79,77,75,81,83,80,81,83,83,82,83,113,107,98,93,89,90,101,105,97,88,90,99,96,108,112,112,109,102,96,98,110,103,95,95,115,120,117,128,128,121,122,111,113,112,115,117,117,136,128,133,138,144,156,166,164,159,145,153,155,144,142,136,140,137,132,128,118,129,128,150,161,165,178,174,176,160,128,110,117,152,163,144,154,178,173,169,194,207,227,231,223,218,224,241,235,213,211,240,255,268,267,254,246,219,202,214,184,209,217,228,219,176,144,164,181,220,220,216,211,214,189,165,136,169,125,139,144,163,143,137,133,131,135,147,161,154,145,152,173,189,187,180,192,198,201,190,209,213,202,192,198,192,241,199,189,259,223,222,225,208,181,209,253,232,223,226,221,212,163,165,186,206,232,218,188,224,262,273,272,281,313,323,329,318,320,322,335,335,334,341,367,356,412,384,442,486,505,503,552,571,561,552,537,559,546,558,545,553,540,516,524,510,507,506,488,516,507,500,481,450,440,468,441,437,433,421,413,412,452,424,381,423,456,498,619,779,745,697,613
75,74,75,75,77,77,78,77,77,79,77,79,78,79,78,78,80,81,73,81,80,80,79,82,79,81,105,140,135,116,98,94,91,99,105,93,89,93,92,100,103,115,112,113,108,101,95,108,107,104,96,98,109,124,125,133,135,137,134,111,119,125,123,126,143,147,141,149,160,153,158,158,145,142,146,150,142,148,152,155,150,146,129,126,154,141,140,156,166,176,172,167,147,136,109,159,166,159,168,185,191,188,193,188,204,203,232,252,244,258,240,261,235,201,240,262,274,259,261,241,226,209,218,191,232,244,242,220,201,163,157,174,207,221,242,239,214,196,181,152,127,131,162,144,182,170,165,146,150,150,153,158,160,169,156,169,169,160,170,181,189,205,205,212,220,215,221,216,213,231,192,190,254,255,230,222,202,194,215,271,234,273,286,225,207,206,250,196,201,179,169,188,194,207,253,287,283,317,313,321,327,310,329,327,326,335,341,384,345,403,429,445,506,515,537,569,579,553,554,540,569,566,560,553,538,533,537,522,530,494,491,469,498,492,495,487,456,440,457,448,435,435,420,419,406,386,390,427,629,630,749,780,879,810,735,515
74,74,75,76,76,77,77,78,77,77,77,78,78,79,76,78,79,79,74,81,83,86,79,79,86,115,121,133,127,112,103,100,105,105,108,101,100,103,103,107,115,118,112,108,115,106,96,99,116,115,101,106,97,98,107,107,121,133,131,127,126,136,133,139,136,143,149,149,151,139,147,156,150,133,156,161,147,135,139,144,156,125,128,130,147,149,163,158,171,184,187,183,159,150,108,160,170,190,176,179,198,212,208,229,224,226,229,243,252,255,241,242,243,226,223,251,274,248,239,220,225,217,197,200,221,240,244,233,214,190,175,155,194,218,225,247,219,223,197,165,158,153,169,153,169,194,163,155,162,153,175,170,170,169,150,154,160,163,164,167,179,192,191,192,199,212,216,233,257,251,211,195,215,246,232,216,196,199,217,264,237,215,213,202,218,238,234,175,190,170,190,243,224,252,285,321,319,308,309,320,318,311,320,315,319,327,357,324,346,373,432,526,500,454,493,528,587,578,570,567,586,576,565,560,561,556,543,553,539,530,506,511,502,467,477,463,445,407,422,418,415,424,423,384,373,359,489,616,673,626,543,657,877,669,606,561
74,74,74,76,76,77,77,76,78,77,78,78,77,77,76,75,75,80,80,79,78,80,81,118,129,129,116,113,119,102,96,102,104,106,104,102,103,113,108,110,117,114,111,100,112,107,100,98,118,118,103,114,105,105,104,101,104,112,120,120,125,121,136,133,128,134,134,144,132,137,155,144,136,155,151,139,145,150,141,126,136,116,141,144,141,152,162,164,156,179,190,175,157,117,117,164,169,190,200,200,210,218,221,224,218,231,243,252,243,224,210,229,249,244,228,254,278,265,251,250,241,221,199,206,248,244,247,241,231,198,184,165,175,198,195,234,239,237,228,187,211,179,161,175,177,183,163,171,169,155,170,178,181,166,156,153,175,167,178,179,172,179,179,188,198,201,210,239,272,236,216,201,226,254,229,216,218,217,245,235,213,209,198,223,243,250,231,171,212,176,208,264,256,275,286,316,308,290,315,317,309,307,319,311,311,305,353,330,359,387,461,496,484,390,502,574,603,579,585,581,586,575,564,568,549,542,556,561,544,529,524,520,512,496,473,460,449,440,441,392,394,423,425,395,361,362,464,454,423,494,650,783,702,634,658,631
74,74,73,76,77,76,77,78,76,77,76,77,75,77,76,74,79,80,81,79,80,79,83,134,141,128,112,101,111,104,96,96,102,105,97,99,104,109,98,102,108,108,102,103,118,111,111,104,97,108,121,113,108,116,115,116,109,107,112,126,130,129,124,120,112,116,129,130,125,142,147,135,137,149,130,131,140,148,151,154,130,127,144,150,151,160,150,148,148,147,190,195,124,114,138,148,162,162,175,175,185,190,203,202,219,225,238,247,239,195,227,241,254,248,251,250,270,269,259,233,222,223,223,228,248,237,238,229,223,175,186,180,159,170,183,181,187,198,220,211,259,206,179,189,224,199,190,189,176,170,157,166,195,170,168,152,157,158,164,188,197,180,182,191,200,205,201,229,226,236,234,217,252,256,245,231,218,248,236,219,214,210,208,233,228,189,173,255,242,224,239,235,267,299,297,299,287,311,315,307,301,302,315,305,293,304,329,386,444,424,511,450,369,371,543,582,600,610,597,597,577,567,583,579,563,558,548,552,556,535,516,506,519,493,490,434,435,444,456,445,401,363,400,388,356,404,398,393,411,498,659,736,471,508,614,742
74,74,74,75,76,77,77,78,78,77,75,76,75,78,77,78,80,78,80,78,80,82,85,131,126,119,107,97,98,98,90,93,102,103,94,90,99,98,96,106,102,103,95,97,105,104,119,114,107,111,110,125,127,121,126,128,124,118,108,108,110,120,117,109,106,107,112,113,129,138,137,124,135,127,123,130,144,152,144,145,126,130,157,148,152,149,144,145,143,129,143,153,109,140,160,166,157,175,179,183,178,184,184,181,202,215,229,225,213,213,229,252,246,260,254,232,243,260,251,249,254,251,233,234,240,231,217,209,215,192,216,217,178,179,226,211,207,179,180,188,246,224,214,229,253,278,256,187,173,191,175,164,192,187,174,159,151,153,154,174,179,176,169,184,182,183,187,198,203,223,248,239,256,332,342,260,271,295,246,232,222,221,213,219,235,183,225,278,222,203,257,265,263,273,297,265,261,316,314,295,301,290,302,289,297,303,326,408,496,485,499,483,356,469,553,585,588,611,600,597,590,583,587,575,570,569,541,502,544,527,539,490,479,460,465,462,439,456,427,422,467,499,348,374,392,403,362,412,394,407,428,511,427,655,663,578
72,73,75,75,75,77,77,77,78,76,77,77,77,83,78,78,78,76,79,79,83,82,88,123,105,106,101,109,93,89,87,94,108,104,96,89,94,93,98,102,97,96,96,108,106,108,121,124,121,107,103,111,122,122,129,138,128,135,125,105,110,111,109,115,111,122,120,116,117,115,115,116,127,126,135,136,141,148,140,138,122,133,149,153,156,141,127,129,129,136,112,113,135,142,137,146,163,172,166,173,147,174,164,187,210,203,213,207,194,228,222,249,255,258,237,217,247,253,250,258,266,252,237,231,218,220,206,195,225,226,233,206,200,204,203,219,252,220,189,175,185,206,201,219,240,265,249,190,184,216,184,169,192,205,183,163,152,160,159,158,167,173,159,164,174,183,198,218,218,236,237,230,256,344,314,292,305,317,260,266,239,224,223,267,242,179,236,288,253,206,208,234,208,251,252,228,302,312,308,289,290,288,296,304,302,307,320,382,456,502,469,450,322,472,535,579,572,594,605,600,604,595,587,561,575,563,545,542,519,480,523,485,501,495,479,493,478,457,481,501,529,469,394,368,393,371,435,497,441,420,397,411,416,496,535,395
72,73,74,75,75,77,75,76,77,77,77,77,78,75,75,77,80,77,79,78,78,79,79,85,86,87,81,92,100,94,86,104,103,100,103,90,88,86,84,86,86,92,97,108,112,101,113,128,119,123,121,118,111,120,128,141,135,127,115,117,121,121,130,128,120,138,141,131,113,125,140,149,135,156,140,143,147,142,140,138,125,140,145,150,150,139,133,140,128,114,107,107,159,169,171,179,126,120,137,139,173,187,190,198,194,179,187,182,209,211,227,240,228,244,245,222,236,228,220,248,252,254,233,234,236,225,216,220,247,240,222,216,210,207,197,218,224,233,196,213,190,223,212,206,207,223,225,200,209,228,204,171,188,201,189,168,167,175,154,153,153,160,167,177,192,195,198,207,218,207,213,218,258,309,327,278,302,283,287,277,250,243,247,263,212,197,288,264,258,269,225,238,218,252,244,268,300,294,279,277,285,289,301,303,301,312,310,385,466,491,430,388,323,414,402,484,572,593,598,595,596,584,568,570,577,557,547,538,536,542,541,525,498,498,508,521,504,504,552,544,501,483,451,456,433,356,392,458,493,486,484,444,465,398,348,314
72,72,73,75,75,76,76,76,76,79,78,77,76,72,77,76,77,79,78,76,76,78,77,79,80,83,81,83,85,86,94,108,100,96,98,93,84,82,94,94,93,92,95,100,97,99,103,109,117,130,139,128,115,109,125,139,144,135,123,134,121,134,134,134,118,125,129,148,133,120,126,141,134,145,136,136,160,156,152,142,132,150,148,161,161,138,146,153,139,119,108,107,129,154,149,136,126,143,117,157,181,197,185,170,169,183,207,216,219,222,235,241,230,241,239,234,206,201,229,247,254,263,239,236,219,216,207,216,227,233,238,232,222,240,226,179,196,239,229,215,183,198,254,238,222,205,221,221,208,205,192,183,196,213,179,174,179,170,157,157,153,159,163,163,181,176,183,192,199,208,209,230,239,272,318,258,253,265,308,274,241,204,210,221,189,239,325,278,280,284,224,284,282,246,209,227,227,280,263,298,301,307,300,303,314,355,368,309,328,355,345,318,333,359,536,575,600,597,592,591,585,578,559,561,555,553,530,542,560,561,569,541,561,574,578,513,504,526,550,538,524,601,536,450,399,342,306,347,387,382,407,368,342,330,331,358
72,72,73,74,76,77,75,75,76,78,77,78,74,71,78,78,76,77,79,76,78,76,77,77,78,79,92,87,83,80,82,102,96,99,84,88,82,85,93,108,104,97,91,97,100,96,97,98,114,122,132,127,133,115,109,124,138,141,132,127,116,118,134,140,121,122,122,126,149,138,116,122,122,135,135,157,158,155,150,133,137,161,145,170,151,134,163,154,124,111,110,108,132,157,121,110,125,184,116,169,185,194,167,156,193,201,201,223,215,218,234,247,234,249,243,227,202,235,234,236,264,263,232,229,237,224,217,231,231,251,241,240,250,251,249,202,217,259,262,187,178,217,198,280,247,212,218,233,212,206,193,180,209,197,181,206,184,177,156,157,158,167,178,170,167,179,183,199,248,256,214,210,254,263,309,269,267,238,244,244,227,195,195,187,260,212,316,315,243,260,296,313,294,306,204,228,220,228,241,289,297,298,309,306,343,357,426,315,312,302,290,296,470,437,555,587,585,580,573,579,584,561,556,552,540,537,532,533,565,577,579,578,596,588,528,476,517,519,548,540,614,633,516,423,367,348,371,333,390,329,412,332,321,312,374,305
72,73,73,73,76,74,76,76,76,78,76,77,76,79,74,76,74,78,78,77,76,77,81,76,84,84,83,97,91,90,86,89,89,85,86,84,91,90,90,100,108,106,106,111,102,106,107,98,99,108,120,124,138,129,111,115,119,129,137,132,131,138,141,140,126,137,148,128,148,141,132,131,120,129,136,144,153,154,147,136,148,144,156,164,161,149,157,143,129,111,108,107,134,135,117,125,155,135,132,147,171,161,160,184,211,204,203,189,222,210,213,223,235,210,237,224,197,218,232,246,245,261,265,254,244,231,222,234,233,246,260,252,252,233,224,222,245,253,226,200,185,222,259,301,260,225,219,239,211,193,182,197,207,226,202,206,193,176,164,159,159,157,162,166,173,199,202,233,222,262,248,245,259,266,268,310,278,253,218,223,234,236,226,303,292,262,290,327,298,292,316,315,296,268,220,242,286,272,288,292,292,294,302,296,304,336,385,342,288,285,322,371,422,560,569,597,580,569,556,554,557,557,570,551,534,539,545,543,568,573,574,586,605,584,526,473,522,521,544,547,654,638,488,415,355,359,395,314,420,312,445,306,301,304,408,294
72,75,73,73,76,74,75,77,77,77,75,75,75,76,75,78,76,82,80,75,76,79,79,76,92,98,86,94,94,92,92,87,84,88,90,85,91,91,86,93,102,107,110,110,101,98,114,104,114,104,110,129,135,126,129,114,116,121,122,133,140,145,140,136,150,148,153,148,158,155,150,132,130,127,126,155,142,151,138,147,151,155,156,161,167,160,142,140,121,121,108,107,120,109,108,147,144,128,143,125,137,165,191,199,190,169,171,172,180,190,220,248,243,213,217,198,211,217,231,250,246,265,269,253,236,241,235,228,240,241,255,248,237,227,244,220,240,272,257,209,192,192,223,265,237,235,232,252,224,211,210,184,204,228,223,209,199,198,169,166,159,173,172,162,164,187,186,195,227,247,220,233,215,222,250,279,248,242,220,236,293,240,214,244,303,254,287,303,338,334,319,317,269,289,255,276,304,301,309,309,297,289,296,313,364,306,297,302,288,305,419,532,527,564,600,602,595,588,575,564,527,557,570,550,556,540,544,549,562,544,536,560,566,533,517,577,633,678,696,585,507,464,422,418,398,359,338,356,395,356,266,253,278,303,260,280
72,76,73,74,75,75,75,76,77,77,76,75,75,74,77,76,79,82,80,77,76,78,79,81,109,103,94,83,99,86,91,96,91,91,89,93,92,99,94,92,94,95,94,97,98,107,115,106,121,114,102,120,125,122,130,126,119,118,118,127,131,142,144,148,155,158,158,155,149,166,151,147,133,144,124,151,150,140,137,154,163,165,173,167,158,157,140,135,123,146,114,107,109,109,126,171,135,129,153,133,153,180,176,185,161,179,175,205,221,229,236,244,237,223,188,193,223,226,226,244,257,262,252,263,272,251,250,240,249,258,275,257,234,246,260,233,277,257,233,202,198,191,206,219,218,239,262,247,250,236,226,194,209,231,228,213,190,176,167,173,164,166,180,168,166,172,180,198,218,190,201,206,205,214,245,267,257,226,256,278,271,224,213,282,308,278,288,333,339,332,312,309,307,302,265,269,278,290,303,305,312,296,311,313,324,312,292,299,280,339,375,455,565,568,585,564,571,557,542,549,547,551,568,565,552,546,563,562,559,548,540,559,544,514,526,680,692,725,625,515,475,420,429,420,431,365,307,318,252,250,247,252,285,277,277,267
73,73,72,79,77,78,76,79,77,76,75,75,75,75,78,73,76,76,78,77,74,77,77,110,112,98,89,80,86,89,86,101,98,105,98,99,95,94,103,91,93,99,98,96,96,101,114,114,124,124,106,102,112,114,142,134,125,121,129,125,122,130,120,123,139,153,165,163,157,159,167,155,137,130,132,146,147,144,156,159,163,152,165,156,157,147,157,134,163,172,164,142,131,133,119,150,155,128,148,144,137,138,159,159,171,199,201,211,224,208,217,243,217,202,196,184,200,214,228,238,243,257,268,278,270,272,270,248,265,275,274,257,240,262,270,264,289,237,212,204,212,202,196,221,229,244,296,257,262,273,233,219,235,245,237,203,180,169,171,175,165,161,172,174,170,175,170,184,182,179,188,193,211,224,258,311,266,246,272,303,302,268,238,313,330,266,295,331,328,323,317,306,307,303,276,228,255,281,292,306,306,298,351,340,288,282,280,363,319,370,536,566,568,574,568,553,556,541,532,534,570,576,571,561,564,566,571,553,550,539,543,522,525,516,655,736,718,624,538,479,461,456,431,381,386,375,392,262,261,250,247,274,269,288,234,240
73,74,73,77,74,76,75,76,76,76,75,77,78,75,77,72,73,76,79,75,78,80,92,121,113,106,98,85,83,88,88,99,103,110,114,104,100,98,93,93,95,100,109,100,101,100,112,120,118,124,119,110,113,108,128,134,129,126,138,136,129,130,134,138,128,136,143,156,173,174,166,173,134,146,141,145,138,146,167,181,156,174,165,147,144,140,130,133,157,191,163,158,131,120,113,151,187,152,140,185,175,165,169,152,168,199,211,205,183,210,226,241,235,223,202,171,209,212,244,254,264,267,265,271,249,269,271,267,285,285,276,261,246,266,279,267,266,213,223,253,221,213,203,208,229,238,248,232,260,313,289,295,284,268,239,226,182,176,181,177,172,167,170,174,176,172,171,180,175,186,207,214,228,235,235,319,282,276,279,311,307,282,302,303,333,288,303,313,324,312,308,304,301,295,279,248,258,274,277,295,291,301,362,371,288,274,284,318,334,445,570,546,554,562,564,534,561,533,522,540,566,576,569,573,583,583,574,558,553,537,529,515,536,563,692,644,611,534,493,455,459,475,395,408,416,367,304,281,298,247,238,290,291,258,243,267
72,73,73,75,76,75,76,76,74,74,75,74,74,72,71,74,75,77,78,76,86,82,107,107,106,105,91,88,83,86,93,88,97,104,108,106,108,106,98,93,94,104,107,102,103,101,119,122,117,126,128,121,122,113,113,131,139,128,146,146,137,139,154,149,144,145,165,145,169,178,176,173,163,157,146,141,133,156,157,184,166,171,165,152,137,128,149,154,152,161,155,154,166,135,119,168,168,167,130,143,184,181,185,177,152,195,183,177,189,208,226,222,221,217,174,194,219,232,247,248,255,250,271,257,253,256,252,267,273,280,272,272,273,266,265,239,240,212,215,241,238,253,207,203,214,237,231,218,245,313,270,243,261,276,250,222,180,208,200,178,168,170,172,176,183,177,177,188,182,181,207,213,239,245,229,258,326,310,309,326,318,336,341,312,334,334,338,335,327,318,303,305,298,296,284,264,262,237,271,297,292,302,347,335,288,275,300,326,384,398,500,517,537,579,567,525,520,503,508,542,532,567,564,575,579,576,562,551,552,542,521,521,549,605,615,616,527,491,473,440,455,471,428,367,308,266,292,307,273,249,235,289,261,267,270,272
72,72,73,76,75,75,73,74,73,74,70,82,81,78,76,78,79,76,78,78,83,115,129,110,115,114,106,93,87,86,97,96,90,92,95,97,102,105,106,96,90,97,108,108,112,113,118,129,120,121,130,128,119,120,119,133,137,139,145,158,145,146,160,158,151,151,176,152,163,167,187,167,157,159,152,152,139,170,159,188,180,165,152,133,129,149,160,170,184,179,182,186,186,132,124,180,174,181,138,135,178,207,184,170,161,158,172,192,200,206,220,224,199,175,177,199,204,210,226,215,240,254,260,253,247,241,231,259,260,268,285,274,279,272,257,219,223,233,226,216,263,262,223,216,205,210,206,223,227,243,239,240,254,297,242,198,184,207,192,181,175,175,174,179,184,183,182,205,186,175,182,188,205,221,210,256,335,310,315,334,360,352,349,414,363,346,346,335,324,318,324,313,296,297,277,249,267,253,275,291,299,299,368,296,288,280,291,328,318,359,430,433,517,569,549,518,490,505,533,524,572,568,597,598,582,575,569,578,546,537,539,586,596,681,633,528,489,457,457,437,473,402,306,285,263,263,292,283,303,251,263,267,267,283,271,257
71,72,73,75,73,74,75,74,76,73,72,76,83,79,87,86,80,77,79,84,140,142,138,133,119,112,96,90,85,84,101,108,97,103,94,91,96,106,108,96,91,92,101,106,98,99,106,111,111,122,122,123,130,132,126,134,142,147,150,153,158,158,159,167,166,167,178,153,164,175,186,161,150,159,154,146,145,164,178,178,182,163,160,147,134,162,167,180,181,158,173,182,159,113,153,147,159,195,150,142,183,203,188,166,153,194,195,217,218,226,201,211,180,162,205,208,198,226,239,265,264,241,236,235,234,225,236,260,256,265,267,268,291,276,263,244,268,243,219,227,219,233,251,217,225,220,227,211,214,222,231,244,251,268,253,202,200,193,189,184,181,184,176,177,185,188,191,213,204,193,190,199,189,198,215,247,274,320,324,296,311,331,347,481,396,400,352,336,325,311,308,301,301,311,299,297,277,248,283,296,303,304,349,343,288,285,306,375,294,410,482,467,523,535,539,494,489,543,551,553,563,570,591,590,570,575,576,577,561,561,579,574,685,658,603,523,469,435,436,432,454,302,295,288,250,262,276,282,247,267,268,267,274,287,279,279
70,71,73,72,72,73,73,75,74,73,78,74,73,74,87,87,84,78,76,109,138,150,154,147,125,111,103,94,82,87,90,108,115,117,101,95,95,116,102,100,93,96,93,94,97,99,98,106,106,114,120,122,132,133,140,146,145,153,154,156,168,166,158,166,176,165,177,168,159,161,172,154,170,150,148,144,149,166,190,196,174,162,159,151,153,169,183,185,190,157,136,144,131,128,172,158,168,194,194,148,171,206,197,140,160,162,190,216,205,205,200,200,157,190,189,206,238,235,241,256,266,225,233,229,207,212,209,226,225,226,261,278,284,288,261,267,283,250,212,237,230,224,249,236,229,249,243,219,217,213,225,231,242,254,249,241,234,199,190,189,189,189,177,179,185,191,190,210,204,203,190,229,216,193,224,259,250,282,266,271,290,290,317,344,362,409,359,349,334,328,314,314,316,310,305,300,293,278,241,320,303,313,303,321,287,282,333,293,311,388,486,478,467,465,523,476,447,528,566,573,575,568,582,595,571,566,567,560,558,665,571,522,560,562,536,474,414,422,414,450,334,283,290,287,273,245,270,263,244,242,256,280,307,283,307,320
71,71,70,71,71,72,72,75,72,74,75,73,76,67,84,86,87,82,98,117,125,124,142,153,129,108,103,96,86,91,90,98,104,104,107,104,101,106,111,105,99,102,105,96,118,121,110,102,101,114,122,127,126,132,138,149,160,161,163,160,167,164,147,156,151,161,171,180,177,162,151,152,145,144,146,150,167,161,182,179,167,171,174,170,180,174,176,192,179,149,163,166,112,154,179,188,178,209,187,156,156,179,213,190,155,147,159,154,191,187,180,155,189,193,219,226,216,225,216,225,231,245,204,187,214,238,241,242,255,258,273,286,290,291,288,273,292,248,230,273,242,225,232,259,295,286,241,254,242,250,217,249,231,232,238,275,274,221,204,193,191,191,182,180,187,191,196,205,205,214,201,209,234,208,210,208,222,238,223,232,259,268,264,349,351,346,333,326,324,324,314,307,305,310,308,280,286,248,313,374,289,281,285,294,284,274,290,271,268,311,315,380,356,426,382,420,562,560,592,613,578,575,595,599,581,553,563,549,683,608,525,520,547,498,488,440,377,335,387,399,274,273,250,282,269,241,257,259,250,247,254,275,271,293,321,332
69,70,70,71,72,72,73,75,73,74,77,78,75,79,84,85,85,94,124,139,140,139,144,141,133,114,117,103,87,87,99,88,94,101,106,103,106,102,108,105,100,100,100,102,119,122,120,105,100,102,109,124,128,131,136,148,156,144,155,143,158,138,134,140,155,160,166,175,185,172,167,158,165,151,149,146,175,171,173,184,163,172,152,160,177,160,154,191,179,176,173,163,110,138,141,163,171,211,205,169,167,153,210,206,198,161,175,149,153,170,190,164,166,173,210,210,203,208,195,208,191,229,195,181,224,231,238,255,253,258,272,271,271,268,284,280,276,257,244,250,265,245,244,241,271,300,246,260,237,246,228,223,240,246,241,256,279,235,201,193,195,189,186,185,189,191,194,204,213,214,207,216,239,233,210,215,223,249,261,257,300,297,298,353,353,338,341,325,320,311,300,306,296,309,315,302,290,274,274,287,271,272,269,277,277,325,277,267,282,429,342,385,494,512,501,493,564,595,595,601,583,579,592,602,584,561,555,550,736,625,663,604,517,462,459,423,386,353,348,277,282,282,231,240,256,245,279,277,260,275,234,261,267,288,312,313
70,69,71,71,72,73,73,74,74,77,77,68,75,77,77,82,90,104,118,140,126,134,121,121,146,128,129,110,90,84,96,88,91,92,94,96,106,110,109,112,108,102,98,104,116,118,130,111,105,102,116,123,130,124,136,148,142,141,142,126,132,131,148,137,161,169,170,180,188,187,166,164,160,164,157,167,170,175,198,163,159,145,148,141,169,172,146,164,183,184,164,168,127,180,176,199,177,204,205,192,198,148,194,210,213,166,198,153,176,205,207,188,167,185,195,177,198,176,184,176,168,185,175,216,239,244,241,253,243,233,230,273,277,293,281,275,260,276,274,264,264,252,252,252,252,311,286,261,257,246,246,221,230,247,254,263,261,243,211,200,197,197,191,192,191,195,194,198,227,223,213,238,225,279,220,220,276,266,284,323,330,322,354,360,348,339,347,338,322,324,326,312,293,288,316,303,293,274,272,265,269,292,321,280,325,343,313,360,349,354,486,488,536,528,529,492,559,543,541,541,551,581,609,600,583,563,519,397,763,736,630,537,488,463,434,368,405,373,253,269,306,261,247,239,238,254,295,276,296,269,266,253,269,282,303,273
69,70,70,71,73,77,73,73,72,72,72,74,76,79,80,90,120,98,118,119,115,110,111,126,136,129,120,117,97,86,90,90,87,96,96,95,103,118,107,107,113,102,100,106,123,128,127,114,107,108,108,125,127,131,137,142,141,122,127,124,136,157,162,145,145,147,170,159,180,168,164,157,153,150,155,173,189,188,190,175,177,154,137,138,165,158,160,149,154,163,176,176,125,147,149,182,202,203,228,209,176,143,180,207,215,205,205,188,168,188,192,205,169,178,166,173,169,158,176,187,175,181,174,190,228,209,230,245,233,272,268,292,280,281,283,234,224,239,273,249,240,238,237,248,259,268,275,303,285,275,241,244,221,225,228,246,249,233,214,212,202,214,196,211,195,198,199,201,228,233,233,252,233,247,217,256,252,305,319,344,360,358,361,355,352,338,331,334,334,329,318,307,310,303,280,271,282,273,281,280,282,316,379,409,428,464,483,492,434,370,519,519,540,544,518,505,514,538,535,532,532,559,584,592,574,540,442,372,693,659,567,501,481,454,437,444,428,300,252,255,278,269,241,243,235,281,277,303,273,308,265,247,240,259,246,251
69,71,73,72,76,71,74,69,67,70,74,76,75,79,87,112,103,93,95,95,100,108,106,116,117,122,112,101,96,87,88,88,87,91,90,93,103,111,98,109,114,103,104,106,114,131,133,123,113,117,110,108,116,140,135,140,135,128,144,142,146,174,165,153,155,136,148,155,154,154,165,171,165,157,166,177,171,183,186,172,174,150,156,129,164,154,156,142,149,157,146,135,148,184,187,184,205,218,231,183,158,164,211,199,224,226,213,209,180,208,196,186,203,161,180,195,218,180,212,220,203,186,180,168,209,195,220,224,229,253,273,266,259,270,279,232,211,217,227,231,229,227,224,240,243,256,284,314,308,259,248,246,232,222,223,231,240,239,243,247,214,206,196,208,202,197,201,206,224,245,281,265,250,245,242,249,266,281,333,364,354,352,355,338,336,342,326,319,321,318,317,309,305,306,288,277,292,282,295,287,273,279,311,365,490,537,536,523,505,367,454,537,540,547,546,524,519,515,528,521,549,547,579,592,511,374,329,338,719,587,541,529,531,492,452,466,391,288,253,240,256,236,233,264,290,276,297,285,300,281,277,273,277,235,293,242
70,75,74,67,73,65,70,73,79,74,75,74,74,87,104,94,91,105,104,114,107,133,126,114,132,115,102,98,99,95,85,88,91,89,96,95,97,95,96,106,107,114,113,119,117,121,135,124,121,123,119,112,115,116,121,112,129,140,163,155,149,161,169,161,171,142,148,148,152,162,169,157,164,159,172,183,181,164,177,167,156,147,150,143,140,141,159,148,133,140,123,136,152,145,184,208,209,209,217,177,166,194,209,220,238,242,238,200,215,219,231,200,193,222,221,215,225,168,202,229,236,223,188,191,185,242,243,204,222,226,240,219,270,248,269,221,214,209,226,218,221,217,226,227,245,262,252,251,278,283,271,284,240,225,229,228,236,252,279,246,213,203,199,203,207,201,200,206,227,254,339,275,276,256,240,271,282,307,351,360,349,344,343,332,331,339,328,326,313,311,311,307,310,287,281,289,300,294,297,298,272,301,311,333,394,438,544,538,433,362,471,504,539,559,551,529,544,538,526,547,604,606,580,476,313,296,328,531,668,542,532,486,457,456,433,337,277,272,269,259,234,258,252,283,289,290,314,306,298,255,279,287,261,247,283,258
71,75,71,66,73,71,73,78,80,72,75,78,76,93,95,90,104,117,111,125,116,113,126,119,124,116,104,97,93,94,94,89,90,96,97,92,90,95,101,101,105,108,110,120,117,112,129,128,129,129,126,125,123,122,128,135,142,141,161,162,168,171,171,175,160,155,144,145,153,159,168,157,162,174,172,187,186,161,174,166,168,159,134,137,137,134,132,151,142,127,161,172,180,169,164,190,190,208,226,198,171,193,202,214,213,238,220,217,224,238,233,218,206,220,229,241,227,174,208,213,239,230,225,199,179,200,243,202,210,223,216,236,249,220,251,230,204,218,218,218,211,218,236,236,230,241,226,236,260,283,264,265,246,242,242,240,248,273,254,237,216,210,205,207,214,207,204,207,216,234,267,322,301,273,257,318,307,320,360,355,350,346,343,319,324,328,326,324,322,314,307,304,287,273,292,304,297,295,329,343,295,335,363,425,397,438,536,452,484,420,486,521,542,563,543,527,541,536,516,535,556,602,431,313,280,311,470,657,590,548,509,475,410,389,329,261,258,276,276,249,236,273,265,301,281,338,319,325,265,262,313,270,294,269,279,262
71,77,68,72,72,72,72,77,77,72,74,77,73,94,88,100,110,111,106,121,128,127,129,122,117,116,104,111,103,103,94,93,89,96,97,98,92,98,98,102,98,99,104,103,110,109,119,129,136,131,134,137,128,137,129,142,151,151,160,171,163,166,175,192,180,154,144,146,148,160,158,161,164,164,180,171,166,162,160,162,145,158,153,133,135,135,159,138,126,113,168,161,185,200,186,214,220,223,222,196,155,180,171,200,216,218,241,229,227,249,251,232,238,217,241,233,193,206,241,214,242,269,226,205,165,196,216,198,210,196,212,249,219,230,263,219,193,212,204,206,217,221,239,233,234,231,231,251,272,274,249,246,251,262,238,246,248,244,239,233,219,213,218,231,221,214,213,212,225,254,291,345,333,312,306,373,317,368,360,353,344,335,337,316,310,314,320,310,321,308,308,310,295,290,280,338,311,324,312,388,380,322,497,481,501,513,536,509,537,511,440,539,559,551,539,532,533,536,541,560,539,493,306,276,286,448,644,624,564,549,520,491,425,286,249,242,261,280,251,244,232,250,289,276,315,317,321,297,271,315,307,322,286,290,287,263
71,74,68,77,74,73,77,77,76,78,83,83,88,87,90,99,97,96,97,102,100,111,114,113,106,101,97,107,99,98,92,98,94,94,96,105,101,94,93,95,95,96,99,100,103,103,117,120,129,132,143,146,136,148,137,154,159,159,171,163,163,154,172,168,161,159,153,152,162,158,150,147,164,171,174,168,164,154,146,149,133,151,146,160,148,153,158,130,163,126,128,121,141,171,175,191,202,215,224,186,189,222,207,181,198,212,242,249,246,232,252,257,258,202,246,208,179,201,233,242,257,267,236,177,201,174,188,193,190,209,184,219,212,224,230,208,217,205,198,221,234,239,228,226,214,215,241,247,237,237,239,238,233,234,235,237,238,236,233,231,228,224,245,247,237,237,228,229,229,257,351,379,329,357,335,364,347,370,359,352,339,324,319,317,299,303,305,316,310,304,293,291,290,296,287,294,423,321,367,464,370,377,551,544,543,551,553,552,550,538,463,504,544,555,535,533,535,553,539,590,507,320,274,273,413,663,590,593,568,539,505,498,425,264,237,242,259,266,238,237,228,273,262,281,299,311,316,287,290,324,298,302,298,307,284,272
70,72,72,68,75,77,77,79,81,81,102,93,88,82,86,88,88,94,91,98,103,99,97,104,101,101,95,99,104,101,91,104,104,95,99,113,116,101,101,105,102,109,106,114,100,101,105,104,110,108,121,129,140,156,152,157,162,147,153,150,155,150,170,158,147,152,149,148,160,164,154,157,157,158,164,153,149,152,147,137,136,138,143,146,163,162,172,157,164,127,136,166,184,197,189,178,211,226,220,165,184,211,218,215,194,200,229,231,262,254,267,241,256,235,244,234,181,230,236,262,260,277,226,173,171,172,228,206,226,248,195,196,190,217,200,204,201,214,240,224,243,229,219,209,201,218,227,232,226,222,232,226,229,226,233,232,233,234,231,232,232,238,243,261,303,269,293,274,295,261,322,345,321,362,389,368,371,363,350,341,330,320,315,311,303,302,304,297,294,302,290,294,299,307,293,285,322,334,456,507,401,395,528,563,550,566,568,563,536,533,526,504,544,554,539,538,526,534,573,532,356,283,277,312,505,610,569,572,552,530,503,487,312,245,229,230,252,237,244,227,266,277,253,263,289,299,299,330,319,323,316,288,295,307,269,303
70,71,73,73,69,71,71,96,96,91,81,75,83,76,82,79,76,78,86,85,94,98,91,93,98,101,98,91,104,96,98,101,104,96,98,105,111,100,104,107,101,119,120,110,117,108,109,105,104,108,106,110,135,150,158,156,148,144,152,159,134,160,158,141,133,152,142,142,144,156,153,159,150,156,156,142,145,140,149,127,138,128,133,144,153,155,157,171,165,140,130,144,186,207,200,211,211,233,198,174,208,187,192,210,228,205,184,219,241,263,273,270,267,257,255,219,204,259,251,285,241,258,227,219,187,179,178,207,235,227,202,205,193,196,193,202,217,235,241,242,252,222,212,202,204,212,216,217,220,222,224,222,228,222,228,225,229,227,228,230,238,241,247,258,323,322,311,355,374,316,266,294,301,377,381,370,366,357,340,337,327,322,321,320,312,317,312,315,315,298,289,307,338,393,315,284,291,350,556,482,559,422,453,546,563,557,562,546,537,540,529,532,537,552,551,544,560,571,558,365,303,278,314,481,568,619,588,557,541,527,489,466,283,246,240,256,243,229,249,255,291,259,251,287,275,284,299,333,327,315,297,280,313,285,304,311
73,71,73,75,78,73,94,101,93,79,82,80,79,81,83,80,79,80,83,82,86,87,98,93,98,100,95,96,109,111,104,109,107,100,106,99,109,112,107,107,105,125,116,118,119,117,122,119,114,114,111,107,116,127,144,140,135,140,146,144,146,142,161,127,137,146,146,140,146,161,158,142,139,145,145,147,147,134,126,121,131,125,129,132,146,151,134,153,141,123,150,173,185,182,185,207,230,229,178,183,189,181,212,224,225,235,236,216,202,252,249,284,270,279,265,208,238,252,285,250,239,230,197,183,217,237,175,217,215,213,192,198,211,189,202,196,195,230,225,259,234,221,202,199,203,211,214,207,210,219,212,218,218,215,225,224,223,225,232,233,232,236,262,300,284,292,305,339,364,320,290,280,315,350,374,362,355,348,336,331,326,323,319,324,322,320,319,319,310,298,297,312,464,459,318,288,313,466,566,514,565,548,545,499,559,568,565,552,570,547,528,546,524,533,532,557,590,545,372,278,278,292,501,602,599,611,577,554,547,534,533,350,268,260,276,258,228,241,231,256,277,250,243,271,273,273,314,337,327,304,281,301,300,283,315,327
70,71,75,76,72,89,95,76,81,72,78,84,87,91,90,86,81,79,80,84,86,87,88,92,94,100,96,100,110,117,109,113,104,101,112,111,110,124,117,109,113,122,118,122,118,124,136,127,120,120,115,111,110,115,122,134,138,130,127,127,132,134,146,132,135,143,150,134,159,158,159,153,150,158,138,130,132,122,126,121,120,115,122,120,128,129,113,136,124,116,145,150,177,173,193,198,211,218,158,204,199,236,231,221,240,234,268,240,210,240,245,261,268,264,266,213,248,262,288,241,267,225,219,215,206,218,185,186,195,211,197,202,221,196,212,196,194,235,230,241,232,200,202,197,203,207,208,204,214,220,208,213,212,218,220,215,222,219,223,231,232,241,278,314,292,286,291,288,323,291,281,277,303,340,349,360,352,341,338,334,330,323,322,330,328,326,324,316,306,293,309,336,476,466,341,286,378,408,566,564,575,570,570,501,542,565,571,545,555,560,542,536,539,526,542,550,589,390,280,261,285,461,601,590,582,580,562,542,543,551,393,250,265,278,261,231,235,227,235,265,256,232,256,270,284,287,305,324,322,288,296,316,285,315,339,317
69,72,80,77,68,77,81,79,75,83,98,98,90,98,86,84,92,86,82,80,81,92,81,90,93,90,97,101,113,109,113,113,113,112,118,116,116,132,123,113,120,123,118,127,123,142,142,124,133,125,125,123,111,111,111,122,125,116,122,130,124,125,130,127,127,129,136,136,155,166,158,173,153,150,152,127,147,130,129,132,143,135,137,137,133,143,148,121,138,120,134,140,156,169,177,206,209,182,174,223,237,225,262,253,232,247,272,260,239,250,269,261,259,243,245,206,232,284,284,260,269,258,229,220,250,225,198,186,199,207,205,212,210,201,222,211,201,191,204,211,222,198,207,208,208,207,203,206,213,213,208,210,215,210,212,214,217,218,230,235,231,236,244,259,287,266,262,289,293,273,276,307,340,346,325,354,343,334,335,340,334,331,332,330,322,322,321,313,298,304,344,494,396,346,325,280,400,533,528,567,578,576,569,561,568,573,576,577,568,578,565,552,547,534,535,575,511,277,254,270,411,619,606,604,588,588,570,553,559,512,299,245,271,266,240,222,222,220,258,276,239,232,245,276,286,309,306,331,316,301,324,298,292,340,327,297
68,70,74,77,69,72,76,81,88,95,109,116,105,103,97,90,92,97,88,81,81,81,84,91,92,89,90,95,104,102,101,111,112,105,121,124,116,128,120,126,127,128,128,133,125,138,142,135,140,130,144,138,134,115,114,113,112,122,141,131,141,126,134,125,130,132,134,153,154,169,174,177,149,144,147,145,160,141,136,142,138,140,142,132,145,157,137,138,143,131,120,121,178,183,200,209,234,212,172,191,202,222,238,248,252,238,275,268,253,251,276,262,284,265,261,221,226,238,264,273,281,271,269,235,252,213,195,184,191,206,214,215,215,211,231,216,215,195,209,208,200,206,194,203,214,216,209,204,207,207,211,223,217,209,213,218,223,224,231,229,233,237,244,258,285,273,259,291,272,261,287,276,284,313,339,349,338,330,332,335,339,354,353,330,322,319,310,306,300,312,341,473,461,323,296,280,335,398,387,503,535,572,571,561,561,562,577,609,580,580,587,552,546,558,552,547,312,256,264,309,473,610,601,575,569,557,565,559,552,341,265,268,243,241,227,249,224,236,251,232,235,251,252,257,268,306,339,335,310,327,306,289,336,344,315,317
69,74,74,77,66,77,92,80,89,106,119,122,117,115,110,108,92,100,95,89,83,80,83,84,89,93,96,90,98,96,104,115,113,101,117,116,108,113,114,126,126,125,121,134,134,135,146,141,139,138,154,150,143,124,128,131,127,110,136,156,141,138,137,143,146,153,138,142,144,152,165,176,157,152,159,148,156,144,138,148,138,147,135,141,146,148,160,153,160,163,121,120,150,181,186,202,210,222,194,196,241,245,246,234,259,282,282,288,276,284,286,286,287,272,264,241,257,234,251,227,271,279,261,260,249,215,199,193,201,228,247,256,209,230,256,220,217,196,202,208,205,196,190,200,209,216,214,204,210,208,207,216,215,225,231,215,224,223,223,230,235,240,245,249,266,268,261,287,266,257,318,325,326,341,349,347,333,326,332,339,343,344,344,334,327,324,325,314,309,316,378,412,349,298,358,287,343,379,331,381,506,569,581,573,569,565,581,583,592,580,552,539,553,593,584,360,258,266,281,466,581,599,585,578,550,520,551,551,393,259,278,258,239,214,217,256,216,247,239,237,250,283,262,268,294,327,324,310,324,317,294,333,355,326,329,331
70,71,71,73,61,86,101,91,81,88,99,116,118,116,114,111,96,104,91,99,93,89,85,84,90,89,91,100,96,97,96,97,100,110,114,108,99,105,109,113,118,112,126,138,138,154,146,151,136,161,155,157,148,135,128,148,147,116,127,133,147,141,143,151,153,156,155,150,171,165,177,159,173,162,163,158,140,135,141,152,138,161,154,150,142,142,168,164,183,172,150,133,129,142,192,200,196,218,189,182,224,217,241,247,271,284,278,265,288,288,282,296,289,279,272,256,282,270,258,260,255,275,288,257,242,212,212,202,207,214,224,276,229,227,252,239,217,200,198,223,217,212,201,200,208,218,209,207,208,212,213,218,222,217,217,220,227,218,219,231,235,242,245,272,289,274,256,292,249,288,318,335,348,348,354,340,334,322,328,332,342,337,337,329,326,330,328,317,309,314,422,488,490,346,447,344,317,457,510,529,521,549,576,583,584,580,572,552,575,582,602,577,557,608,480,279,268,260,339,504,600,597,602,594,570,542,469,376,244,271,274,242,221,219,222,213,248,258,268,260,281,299,270,283,313,320,306,294,329,303,317,342,340,325,341,311
63,64,66,68,64,106,94,107,87,83,92,113,111,108,114,112,105,102,101,98,100,99,83,87,87,93,91,93,95,96,92,96,97,100,99,95,93,100,96,99,107,111,127,133,130,131,133,151,148,151,165,175,151,134,148,153,136,128,135,121,133,131,148,143,145,145,150,164,174,182,184,182,159,163,164,166,168,152,140,147,155,168,152,144,163,167,166,173,157,161,150,137,127,141,173,186,186,230,179,210,232,231,225,241,266,285,269,259,279,292,271,290,285,282,282,272,270,281,285,276,272,279,269,264,233,218,218,213,222,217,242,255,224,250,278,252,227,216,212,212,216,230,210,213,225,215,210,210,216,208,216,224,227,224,219,223,234,225,225,228,234,241,262,280,279,275,256,266,262,306,340,334,342,342,342,338,333,321,328,337,342,335,337,332,339,335,323,320,324,329,362,554,509,358,457,407,289,393,564,585,556,552,572,574,594,598,578,570,558,567,613,583,576,513,336,289,261,295,460,555,574,591,590,587,562,449,322,248,252,279,246,223,209,217,233,255,283,259,271,290,309,298,285,298,320,299,284,315,312,336,334,335,357,347,321,305
70,70,86,84,100,107,101,119,98,98,88,93,98,103,108,118,109,102,101,107,112,113,95,85,89,87,92,88,91,90,90,97,96,91,99,99,99,100,95,98,105,110,131,123,124,115,136,149,154,158,166,176,152,137,150,153,143,122,124,129,132,138,139,143,135,141,155,164,175,169,186,174,160,149,152,169,172,160,152,155,166,154,165,166,165,180,148,154,145,148,133,124,158,190,180,187,211,230,194,218,224,229,253,252,256,283,270,249,265,281,266,271,276,261,280,283,272,285,299,289,281,301,267,287,258,213,224,230,250,240,263,244,247,227,275,270,275,234,226,207,231,226,227,234,232,215,218,210,219,209,221,222,231,226,233,224,236,221,236,241,248,244,258,267,257,292,256,255,298,333,300,331,306,334,340,331,332,319,330,332,335,331,335,338,344,347,323,323,374,408,359,518,523,376,492,448,369,332,461,583,577,572,564,576,585,606,583,577,533,545,573,570,517,306,258,271,280,480,607,594,562,585,580,591,436,316,251,218,274,275,230,218,222,224,217,268,252,260,274,301,282,268,299,304,318,273,296,310,316,332,313,337,369,324,303,307
71,69,123,121,118,109,114,118,117,113,106,103,102,103,109,117,108,96,100,111,101,108,112,100,93,94,89,87,89,87,95,96,95,90,95,96,97,96,101,99,99,102,107,112,123,133,141,154,165,172,179,170,146,154,161,147,142,128,120,120,123,123,122,131,139,150,161,152,168,174,179,170,154,137,174,158,155,151,143,141,163,152,156,161,152,165,164,155,180,178,139,119,162,182,192,214,211,216,191,224,246,241,273,280,269,279,268,261,252,258,255,255,260,271,270,267,282,280,285,301,289,300,303,297,280,226,233,274,257,259,246,252,259,269,283,292,240,235,227,214,228,255,239,277,262,226,216,214,215,216,219,222,226,235,234,233,240,229,223,236,231,237,239,243,245,256,248,251,270,282,292,323,295,333,338,328,314,312,317,325,325,333,338,340,347,347,365,342,338,498,569,515,444,492,554,562,406,364,439,563,571,580,574,572,581,594,606,584,563,546,565,592,395,257,276,263,452,575,607,582,552,539,565,462,306,348,229,218,265,235,217,215,211,211,226,241,242,273,297,301,279,259,307,288,277,265,300,318,316,300,304,321,304,283,300,288
68,71,119,125,127,120,127,129,127,116,114,111,110,106,116,115,102,99,108,104,97,105,108,107,91,93,101,96,91,97,106,92,102,100,96,100,103,106,103,97,98,101,103,114,131,145,145,148,173,181,165,146,148,164,153,148,135,138,133,120,131,127,122,125,145,159,163,146,159,179,186,161,163,143,154,138,150,148,146,146,149,150,148,156,155,153,159,167,171,132,125,123,144,175,198,217,222,224,187,195,199,243,245,248,249,253,252,245,234,242,265,258,262,249,235,249,256,272,287,308,293,304,297,297,272,254,258,277,280,266,279,267,267,279,266,264,232,215,236,226,223,257,262,277,281,233,220,221,225,221,218,223,230,236,235,234,244,233,227,222,231,231,232,233,238,243,244,252,245,251,270,294,295,322,332,317,314,321,323,325,331,339,340,344,344,350,395,488,372,379,491,602,585,572,591,576,511,516,387,518,571,579,575,577,585,634,639,611,575,530,562,547,277,247,253,372,613,608,601,589,596,550,490,329,338,258,263,261,233,219,213,212,219,244,266,232,257,293,301,288,253,274,288,280,265,289,296,307,299,322,303,284,280,281,286,288
64,76,111,127,122,130,127,120,128,126,126,127,122,116,103,106,96,96,105,96,102,101,99,106,101,91,98,97,95,107,106,102,111,117,104,111,107,112,111,107,105,99,100,110,124,135,142,149,175,166,155,141,148,170,162,162,154,149,132,128,138,143,132,125,146,157,157,153,167,180,165,163,150,141,136,135,141,145,137,125,143,141,148,158,152,151,136,161,163,115,151,154,162,177,184,163,192,215,192,210,208,187,231,231,239,213,207,230,213,217,220,217,242,258,257,265,259,270,286,300,302,302,312,314,298,290,309,317,303,296,331,299,285,321,275,252,258,255,256,226,223,226,236,260,264,238,220,235,234,232,245,235,234,242,239,245,246,242,233,240,239,237,247,246,250,255,261,262,263,314,278,300,293,305,311,315,317,327,330,328,333,332,330,330,338,347,479,607,534,527,599,603,587,577,577,568,565,557,461,384,500,565,567,574,630,662,646,619,561,524,588,334,237,257,292,454,606,591,577,556,543,495,398,250,291,282,256,239,207,212,226,227,221,293,260,246,276,287,268,259,258,284,288,256,285,292,290,296,329,298,266,270,286,277,278,310
65,97,125,128,114,120,115,121,129,127,127,115,116,123,102,95,90,103,99,93,100,98,103,112,109,98,101,92,96,101,107,117,116,109,105,118,116,120,126,119,111,102,103,104,116,147,133,155,154,141,135,138,154,153,165,173,151,155,138,127,143,134,124,133,149,154,142,162,165,172,167,155,158,148,125,143,137,152,158,128,122,144,143,138,144,159,123,140,152,121,131,145,136,126,138,164,202,204,230,238,243,206,206,211,212,202,228,243,246,265,265,264,232,255,264,272,264,266,268,270,283,291,309,310,314,318,323,309,306,298,320,297,314,318,294,295,250,273,294,253,251,267,255,283,271,235,236,249,242,250,252,246,241,247,249,248,268,246,238,252,248,242,269,292,274,270,286,270,294,314,321,329,320,304,311,315,323,326,335,332,331,333,330,325,337,437,475,587,598,605,605,602,580,578,561,550,565,536,485,520,518,581,569,576,596,652,615,555,595,522,445,251,244,258,338,613,606,591,578,542,539,498,318,239,288,271,248,233,215,213,217,218,268,265,249,278,294,273,260,248,284,282,257,270,285,286,275,294,299,275,258,261,272,282,315,333
70,118,123,113,101,105,121,109,114,115,124,113,112,117,114,96,90,107,96,90,97,94,99,107,112,105,103,96,102,96,112,121,125,112,106,116,116,134,136,133,122,103,108,100,112,141,126,142,132,127,127,143,141,155,159,166,163,151,149,128,143,126,125,135,143,138,152,166,176,172,154,143,154,153,125,137,135,144,159,140,119,135,154,140,141,151,124,123,135,136,121,120,146,142,164,140,208,205,247,248,242,216,241,234,238,225,246,265,278,270,297,280,264,257,292,285,278,279,262,291,291,290,296,302,306,309,317,297,305,286,291,276,296,304,289,282,312,293,319,298,252,290,267,318,274,243,282,267,264,294,264,261,245,254,286,256,269,253,249,252,250,242,254,284,304,260,289,271,315,316,331,330,316,315,323,314,314,327,335,337,337,329,325,324,333,339,499,573,595,600,600,602,589,581,567,567,567,567,574,559,537,595,603,636,593,652,637,562,513,432,271,247,246,294,558,627,605,577,568,556,541,420,269,282,279,262,227,207,217,239,225,271,260,239,254,279,281,282,248,254,263,247,263,286,282,282,282,311,280,251,259,263,289,290,325,319
96,117,103,95,92,95,113,119,104,116,124,118,105,109,116,97,91,96,93,88,90,95,104,107,112,111,106,110,108,105,102,110,127,114,119,113,131,147,147,138,118,110,108,105,108,117,115,122,132,140,148,151,161,148,158,173,186,163,155,144,134,131,137,137,145,141,154,162,180,160,149,155,148,143,135,127,127,138,140,147,136,130,136,138,138,129,124,125,131,118,132,140,127,168,184,204,174,194,190,224,259,216,243,244,264,253,225,260,289,290,283,264,285,269,302,298,286,296,262,277,280,276,291,285,297,305,313,308,298,278,274,280,320,272,265,263,273,271,286,287,299,306,319,298,263,251,279,280,349,318,308,301,262,283,289,278,283,266,255,276,274,276,269,272,304,306,296,292,335,340,335,333,325,324,324,319,312,323,328,333,335,325,324,322,325,341,437,605,597,507,554,594,580,570,562,567,564,568,571,565,562,567,577,644,640,639,625,640,604,391,234,238,240,423,598,607,607,596,551,567,493,328,246,246,262,250,215,240,216,224,260,260,227,238,260,277,271,249,256,258,256,257,272,288,281,259,284,269,256,254,260,291,295,326,332,348
98,105,94,91,88,91,107,116,105,104,111,115,110,96,117,90,87,92,98,100,100,104,101,106,109,104,105,115,112,102,103,105,114,124,122,120,133,146,152,131,135,124,105,108,106,113,122,146,152,155,156,152,170,181,167,167,186,182,157,137,131,140,139,146,150,147,159,171,170,149,149,133,130,128,131,125,129,134,141,144,130,128,123,125,120,133,139,129,145,143,131,120,130,165,212,234,224,225,199,226,258,225,261,265,280,260,241,275,289,306,293,295,300,273,307,309,299,297,278,276,287,286,295,292,305,312,312,301,279,275,254,274,308,284,239,244,235,244,279,283,282,300,319,316,266,321,330,338,317,327,294,302,278,308,306,302,302,280,276,286,300,290,275,272,296,329,305,308,341,340,332,327,326,321,327,325,319,325,327,330,336,327,324,314,319,341,441,585,576,370,553,592,576,571,566,576,567,573,567,575,577,569,558,637,671,632,581,644,553,286,245,236,363,634,635,590,586,548,510,525,481,332,244,235,244,228,224,231,217,224,269,231,225,268,261,257,249,242,258,255,246,261,262,265,278,265,264,243,252,263,275,328,314,316,345,312
103,88,86,89,85,87,99,100,94,94,98,97,108,92,101,88,88,112,113,111,103,98,105,103,102,101,107,124,118,106,113,118,128,129,133,123,126,134,151,139,140,133,108,102,111,128,143,139,143,154,167,172,168,171,157,159,176,169,147,135,139,145,151,148,148,153,157,163,170,159,150,154,151,127,120,126,128,132,123,133,124,119,120,126,133,163,165,122,157,187,186,172,152,188,214,205,250,242,254,231,237,252,237,240,276,263,243,255,296,313,301,315,285,279,293,311,308,295,293,271,300,294,297,301,309,313,310,289,273,247,270,284,277,304,250,234,246,294,310,289,269,291,313,288,303,311,294,344,315,337,262,286,272,289,336,327,344,324,326,349,348,330,284,300,301,324,320,338,343,338,331,327,321,328,336,340,323,324,334,332,329,331,328,311,322,325,351,507,493,371,540,595,585,582,576,581,573,578,578,597,661,596,557,627,657,564,590,594,406,236,236,230,420,606,580,574,575,555,505,465,434,308,267,233,221,215,245,243,229,243,229,214,228,254,259,229,232,261,263,238,259,263,251,269,251,265,243,251,262,282,292,339,307,290,308,304
99,84,82,82,82,84,90,90,88,92,97,98,104,104,91,89,97,108,103,117,97,98,99,100,101,105,107,115,128,111,110,119,118,125,140,131,136,135,149,142,148,133,111,109,108,107,126,131,143,149,141,167,151,148,138,163,178,162,162,148,156,147,145,143,152,162,162,184,166,154,158,162,174,155,137,133,125,119,114,123,122,123,126,122,151,169,189,150,152,175,189,188,158,211,221,222,239,250,260,266,252,254,256,277,274,259,253,275,279,309,307,306,292,285,293,313,310,303,290,292,283,300,300,307,314,305,306,305,304,263,238,251,260,287,237,233,250,293,260,274,271,289,268,264,283,293,291,310,328,322,274,251,267,266,303,289,326,328,320,314,329,322,282,328,325,313,304,337,340,340,332,321,320,323,335,323,319,319,320,318,322,323,321,304,310,314,344,478,350,351,554,582,587,586,603,593,578,553,559,591,674,631,620,612,605,605,504,490,250,259,220,366,641,575,544,559,540,541,501,477,376,235,244,259,244,219,235,239,255,267,229,217,215,216,246,223,264,253,252,236,248,251,246,260,266,254,254,248,281,277,313,322,275,312,334,289
82,77,84,83,81,82,86,86,85,94,91,98,106,104,94,81,96,95,99,103,95,97,102,99,102,104,115,113,127,116,105,117,121,132,142,134,143,138,152,138,131,123,121,117,106,114,123,129,139,140,158,156,142,134,149,151,178,172,169,160,164,150,145,161,152,174,162,177,175,167,167,171,177,141,145,134,121,128,128,144,136,130,129,136,135,148,167,166,166,147,152,159,178,205,217,225,220,242,262,245,273,256,244,280,289,289,260,290,294,306,303,297,313,296,284,301,296,299,296,293,294,293,295,303,315,309,299,317,311,308,261,274,249,288,262,223,231,251,248,301,297,272,249,257,257,270,270,293,328,301,266,261,239,254,277,270,290,315,321,312,285,298,317,332,289,271,301,330,332,333,333,323,315,318,325,310,305,313,306,305,308,300,300,300,302,308,326,399,320,339,403,493,552,580,593,581,583,521,533,639,682,656,637,574,545,580,460,296,237,239,252,549,623,579,542,545,528,521,491,446,324,246,242,243,247,232,232,261,256,248,232,247,232,244,216,229,245,237,240,263,255,257,272,277,245,241,255,262,271,279,287,281,380,528,483,297
75,82,91,90,91,89,88,86,89,93,94,98,109,89,86,87,84,85,90,90,88,93,100,91,100,105,110,114,124,120,114,126,131,126,141,140,140,148,154,133,139,150,133,125,115,107,108,129,131,141,148,134,142,158,167,175,165,177,170,156,151,151,150,166,159,182,166,184,172,156,169,167,170,140,138,126,131,154,145,141,127,121,118,156,143,142,140,157,155,182,183,175,177,181,196,170,198,220,221,239,269,251,271,276,286,302,268,265,275,294,294,299,310,300,293,295,294,292,297,291,289,292,290,301,313,303,272,297,282,304,287,286,246,243,253,231,247,245,227,257,271,243,263,272,286,306,295,323,331,307,272,240,274,235,258,277,296,330,320,292,292,267,298,299,296,265,309,327,329,330,330,330,309,313,315,305,302,296,299,299,298,300,297,305,303,303,311,315,307,346,498,526,547,576,582,578,552,469,500,609,596,687,669,619,545,519,506,247,218,216,422,637,593,568,562,505,476,483,456,358,238,265,248,221,217,233,247,270,259,229,245,254,240,256,213,255,224,213,244,267,257,260,250,275,240,238,241,266,262,260,255,335,568,561,410,290
84,91,87,82,81,76,79,78,89,86,86,84,83,82,83,97,95,89,93,91,89,94,91,92,98,102,101,110,122,124,130,122,141,134,141,142,151,149,139,135,147,153,139,141,134,117,108,120,139,138,136,133,141,148,162,166,160,166,147,145,141,157,155,166,163,171,179,173,159,154,173,161,158,137,141,142,163,153,133,118,119,117,129,166,157,172,157,175,186,155,178,193,213,210,207,189,199,185,223,232,254,251,273,294,293,303,276,288,303,300,286,284,304,291,300,287,296,286,286,289,289,289,287,296,303,296,286,280,268,283,255,290,273,230,256,221,250,298,271,238,238,253,280,289,297,307,320,329,269,297,282,264,238,243,287,320,314,288,322,298,277,270,283,277,262,280,310,326,310,313,318,319,313,300,307,299,290,287,304,305,306,304,300,307,307,301,307,303,333,456,586,604,592,586,588,564,532,529,459,499,539,646,661,605,605,452,303,248,214,301,543,604,569,546,550,527,514,492,444,349,221,240,254,218,213,236,275,277,256,237,243,258,254,247,218,260,224,223,230,247,235,258,253,254,240,237,249,267,248,250,333,564,564,493,327,319
78,74,69,69,78,74,73,79,75,77,79,79,81,85,93,102,117,107,97,89,99,107,104,98,114,113,110,104,110,131,141,136,136,127,126,138,147,159,145,155,140,161,154,141,125,128,110,113,115,118,130,141,164,154,157,161,157,146,138,139,143,147,161,175,160,178,176,163,157,159,164,153,166,158,153,154,160,139,115,115,126,122,134,168,169,180,164,174,202,166,150,161,212,220,226,223,239,237,218,237,249,238,288,304,303,300,298,280,296,291,277,297,298,281,286,277,294,289,276,289,275,285,287,299,295,295,260,247,261,271,239,263,239,225,237,235,261,298,295,281,261,277,292,257,256,287,281,305,249,249,282,281,227,229,269,280,262,294,307,280,255,262,277,288,247,294,320,313,311,295,305,314,307,307,297,290,282,286,307,320,308,311,314,314,306,320,366,313,310,425,547,576,592,583,616,598,558,519,458,452,540,608,643,604,562,387,217,233,234,465,632,592,564,553,527,519,523,511,484,317,255,228,218,234,227,251,295,287,253,255,249,269,267,242,219,261,223,247,239,232,247,275,272,243,234,240,248,239,237,312,557,600,468,358,346,440
75,81,79,84,92,88,89,90,89,96,97,99,109,87,92,111,107,115,115,111,98,115,111,108,119,121,119,110,111,105,124,121,126,126,146,150,144,149,158,155,169,154,145,130,142,144,112,107,115,145,154,147,145,151,151,155,145,137,130,135,143,157,162,168,163,163,171,155,152,144,132,147,143,151,144,138,131,119,115,118,136,126,134,148,164,182,190,165,205,201,158,164,222,231,209,220,230,230,245,242,251,261,272,293,312,289,272,260,275,289,277,275,280,264,267,271,290,287,287,268,279,280,281,287,291,300,284,262,232,254,249,251,210,272,270,248,272,279,293,311,314,291,293,260,250,251,268,291,235,255,257,241,234,218,257,285,278,304,268,269,280,261,284,255,258,291,329,302,298,294,288,296,293,306,297,280,274,296,300,318,335,323,329,320,314,313,467,482,434,560,585,582,583,560,583,598,567,545,452,422,519,618,570,604,426,222,213,215,343,644,598,578,554,539,485,445,439,533,437,249,267,264,237,204,222,268,272,254,258,322,279,269,261,232,250,257,247,231,238,226,237,236,255,238,240,254,241,245,284,549,591,400,356,349,402,421
87,99,90,95,98,104,97,96,96,101,115,108,114,103,93,96,107,109,120,117,105,118,122,123,112,121,124,113,131,123,113,128,127,132,156,154,153,159,161,160,173,157,145,141,153,142,121,110,106,131,141,142,133,133,151,147,135,134,132,140,141,146,165,156,155,163,174,159,158,138,129,134,145,151,140,134,132,118,115,123,135,121,124,171,167,161,187,191,195,221,187,167,214,202,186,186,195,201,236,260,253,283,306,309,314,297,282,252,246,263,262,276,274,271,252,265,272,279,288,280,278,276,272,274,283,296,286,277,262,228,225,216,206,230,242,251,279,295,300,297,279,280,257,234,265,274,278,261,264,236,256,245,244,216,249,290,260,321,257,293,250,239,242,245,276,321,298,301,292,285,296,282,285,291,297,286,287,293,297,314,320,338,357,407,381,339,496,573,578,582,576,571,570,549,579,568,576,540,548,411,503,551,557,614,334,208,228,280,559,661,615,589,565,534,547,515,410,384,268,268,260,261,234,207,229,267,249,228,287,313,257,259,237,224,255,258,257,246,235,258,232,243,227,235,241,237,232,239,312,586,531,342,322,386,446,487
95,93,100,98,101,95,90,96,94,104,119,123,112,113,107,91,95,102,107,99,102,112,129,125,117,125,125,125,131,135,122,133,136,155,150,157,163,169,174,182,173,150,140,150,150,134,136,124,112,111,118,129,117,120,141,128,137,133,130,132,143,151,162,148,161,170,179,184,169,165,144,128,129,144,144,140,134,122,120,126,134,128,133,150,148,167,193,209,211,214,225,216,172,194,221,220,239,214,203,230,255,266,310,321,301,296,285,279,254,281,254,265,258,281,243,253,254,278,279,275,276,290,292,292,284,291,298,280,233,248,220,210,214,222,247,263,300,293,282,260,286,267,250,237,280,271,270,231,229,221,241,269,220,217,249,266,256,276,247,289,230,237,226,264,303,326,285,279,295,286,288,277,278,275,284,284,289,294,298,306,313,324,331,569,569,525,527,602,553,556,552,481,540,521,568,583,558,514,503,477,382,459,556,455,218,221,235,439,656,640,610,594,555,545,577,525,390,217,246,255,258,238,223,205,252,255,234,222,316,283,264,244,225,252,258,273,272,262,240,259,241,224,229,231,229,230,230,252,340,439,287,286,338,403,416,475
82,86,79,83,87,84,91,88,86,102,116,116,101,104,108,106,106,105,109,107,116,109,122,125,121,126,130,128,135,145,131,133,152,158,160,161,165,174,170,181,168,156,146,139,135,118,151,139,119,105,111,113,115,117,138,126,140,126,126,134,146,146,167,164,153,163,179,182,181,161,147,142,140,123,137,143,130,115,119,128,137,133,150,154,163,169,185,205,215,225,232,234,219,198,242,223,235,270,232,219,252,280,292,317,294,283,272,256,239,263,269,226,273,280,227,262,268,284,281,261,279,289,297,305,291,293,303,291,269,268,256,235,223,203,219,216,238,257,279,253,288,295,250,245,231,274,247,230,250,225,250,263,235,211,239,244,247,240,272,261,225,251,262,307,312,307,261,253,249,271,281,289,295,295,278,275,279,283,290,302,316,365,415,483,509,576,582,587,561,444,471,449,528,562,484,569,550,538,527,418,370,544,595,283,218,208,254,553,622,594,598,610,594,558,527,326,233,242,240,229,227,220,210,259,267,244,220,276,327,285,283,249,230,260,248,268,260,266,248,270,240,224,223,229,234,234,259,427,581,378,309,351,376,396,420,466
71,74,76,81,80,87,96,86,93,96,111,109,102,110,112,113,113,114,114,111,119,115,120,124,129,132,140,138,141,141,133,134,156,159,151,160,153,155,165,166,172,159,147,137,136,148,154,143,132,115,110,113,112,114,130,134,140,147,151,150,157,159,166,158,154,159,169,176,181,164,163,149,144,129,127,139,124,117,119,137,140,139,172,158,179,159,184,194,213,230,231,224,242,206,255,259,260,282,247,275,264,288,313,320,294,263,272,271,252,222,256,237,264,268,234,249,269,256,274,236,271,286,287,295,290,289,294,299,301,290,267,267,237,228,204,219,239,261,263,225,265,275,258,223,251,265,289,261,219,223,243,253,238,207,227,234,241,230,258,255,224,265,267,300,291,288,282,269,236,262,285,293,298,297,292,285,286,291,292,297,310,327,343,324,410,561,572,570,510,420,345,359,459,518,449,518,535,521,520,495,359,602,458,217,204,222,446,600,578,547,544,612,607,566,438,263,223,239,220,217,226,206,238,269,245,231,232,342,313,278,267,245,250,261,248,275,263,263,255,253,230,237,224,233,247,250,332,683,644,366,311,337,355,393,423,458
80,78,82,82,81,79,84,89,94,100,110,92,107,120,120,121,122,117,120,130,119,121,128,128,135,132,152,147,148,148,152,133,151,162,144,143,157,173,171,170,171,147,135,137,149,150,168,158,133,130,128,119,116,115,138,141,148,149,156,151,159,152,159,148,144,149,163,177,177,164,149,148,139,137,125,122,121,117,118,177,154,137,170,191,177,172,185,197,217,230,244,243,249,187,220,260,264,284,244,269,282,294,320,313,287,283,294,287,269,238,236,238,257,252,247,222,250,235,250,270,286,275,275,280,285,278,290,282,305,293,271,277,242,225,199,215,229,261,218,222,256,271,266,247,235,237,263,256,252,219,233,237,221,208,213,222,226,229,237,233,229,256,265,291,254,263,289,242,250,280,283,297,297,297,301,292,288,302,294,290,299,298,303,404,526,534,454,571,564,501,352,283,358,480,437,398,536,565,441,449,332,500,255,217,199,260,552,547,546,492,561,556,593,596,321,269,231,209,217,244,244,210,230,239,226,214,273,369,275,275,251,231,273,257,278,267,276,251,265,252,230,232,236,245,254,310,471,643,459,308,310,286,377,385,366,399
91,82,89,87,84,86,78,94,98,106,105,104,100,108,109,110,122,126,120,117,111,125,121,116,126,130,144,142,143,160,154,155,156,143,138,148,154,154,174,178,172,152,156,147,140,156,164,142,131,144,122,132,126,116,127,138,152,155,147,151,150,153,156,150,154,153,169,166,178,158,141,149,146,138,125,145,135,117,121,150,167,144,173,192,192,190,200,204,208,220,224,218,248,228,211,238,242,269,281,276,287,296,323,293,283,282,286,283,265,253,222,232,238,247,213,244,255,231,264,283,288,279,265,277,270,252,279,289,286,297,289,292,269,224,194,203,215,216,207,244,269,246,243,256,225,264,279,228,257,199,224,208,205,204,207,209,212,259,217,216,215,232,255,263,239,240,262,238,271,288,286,293,300,309,307,302,294,306,304,299,307,298,304,412,428,467,431,539,563,525,487,403,297,458,405,320,478,558,530,404,314,357,211,227,207,454,530,518,574,491,557,546,590,446,271,262,216,201,241,247,233,205,233,248,221,221,358,371,283,274,248,248,264,271,285,280,274,254,260,246,236,234,241,255,297,495,519,438,387,342,374,346,428,463,517,473
95,91,96,98,93,95,81,86,85,97,102,96,92,98,104,107,118,127,122,109,113,109,117,125,138,146,146,139,140,148,146,149,136,135,146,154,169,163,172,178,158,160,152,141,151,161,161,140,146,145,120,141,131,118,135,137,147,153,138,150,145,151,149,137,138,147,174,177,174,156,143,139,136,134,143,154,133,116,123,152,183,164,157,160,189,191,189,208,223,198,222,226,249,249,236,231,276,275,285,284,285,291,308,295,266,280,272,268,265,270,245,206,214,223,197,229,229,254,278,280,284,277,261,260,267,250,269,282,278,295,300,291,282,221,207,206,206,216,232,274,244,229,237,255,228,255,240,251,208,201,202,209,218,208,220,218,215,216,214,234,242,227,237,230,230,226,241,230,269,284,287,291,294,307,312,309,308,310,311,300,383,320,336,451,349,412,378,531,569,554,495,362,224,275,302,387,543,444,512,471,269,211,222,206,228,510,552,478,481,352,470,538,522,285,273,256,216,206,256,215,250,211,268,237,230,234,353,352,269,280,249,264,271,285,279,289,287,264,249,241,247,237,262,282,415,575,492,374,362,371,434,431,465,514,595,527
94,94,94,96,95,104,97,92,91,86,94,85,96,100,107,100,101,113,119,108,109,123,128,129,128,138,134,131,137,131,139,125,129,149,156,157,169,174,177,176,157,142,147,141,160,160,173,164,154,132,148,149,131,127,118,149,135,148,151,148,159,156,143,142,162,166,172,169,166,154,141,148,159,155,157,160,128,118,131,155,163,197,187,168,166,173,190,187,196,205,231,236,240,254,262,238,254,284,288,300,301,301,306,279,273,257,252,260,242,265,263,238,215,224,242,250,257,272,278,258,277,282,270,242,265,242,260,276,280,294,270,292,290,290,222,199,201,228,226,253,234,220,215,232,228,207,230,205,212,227,222,213,229,263,260,267,230,217,227,270,274,234,273,265,262,282,279,281,249,265,276,283,286,344,363,381,416,430,370,341,498,512,558,476,392,317,402,552,510,442,483,477,334,232,368,540,548,537,416,432,206,213,217,224,446,511,517,463,306,423,319,393,304,246,250,228,203,225,208,216,225,241,274,243,222,238,318,292,259,255,244,287,296,296,268,283,294,268,253,240,249,242,242,271,553,598,397,322,350,437,493,487,502,548,642,693
90,90,89,85,86,100,100,103,107,101,94,91,90,92,90,90,92,101,106,102,108,127,120,122,122,128,125,123,132,119,120,139,138,145,156,166,171,176,186,161,153,154,154,155,148,157,182,152,155,138,153,133,133,120,130,144,142,154,166,156,155,144,136,147,159,150,164,155,153,162,153,160,161,149,137,132,125,119,130,156,176,172,178,188,186,184,204,207,192,218,230,237,250,250,272,268,265,258,280,295,292,302,300,295,275,253,245,258,251,242,256,234,195,243,239,235,251,258,268,254,277,279,277,235,269,251,268,258,273,273,274,293,263,278,259,212,206,199,218,216,238,210,196,212,204,200,202,225,206,225,275,268,276,299,294,299,276,266,253,285,279,270,292,295,282,291,295,272,264,263,272,278,290,336,402,535,537,554,515,506,554,498,440,433,356,296,485,552,534,384,305,439,478,266,370,501,575,473,270,242,211,212,199,255,473,410,358,449,405,328,435,272,225,247,254,203,206,222,243,237,231,250,294,261,237,250,296,299,277,255,247,285,301,283,264,271,282,280,257,247,249,269,243,284,435,421,310,324,401,462,506,582,633,694,772,665
82,79,83,81,81,89,87,96,111,113,102,102,98,98,96,94,89,92,97,100,103,109,113,108,105,103,109,110,108,115,133,140,149,143,159,175,167,175,183,157,169,162,160,180,151,154,187,169,147,133,140,127,128,122,122,131,133,163,166,155,137,127,128,141,145,142,160,148,151,154,144,146,149,132,141,159,143,120,122,138,139,143,162,192,199,203,204,224,202,228,241,239,235,251,272,262,274,281,288,293,282,301,288,276,280,266,252,244,258,239,228,195,234,247,246,250,246,248,245,249,268,273,252,227,255,241,245,252,274,256,273,273,279,246,269,264,231,190,188,217,233,208,193,203,228,233,247,255,227,222,267,277,285,295,291,300,294,276,271,287,277,297,285,285,291,294,296,289,283,269,275,279,287,307,437,492,471,535,474,530,569,468,359,465,478,283,436,489,539,520,244,262,315,282,275,432,561,517,251,198,214,191,261,213,267,242,329,503,496,320,390,276,216,261,216,202,223,214,225,231,225,255,288,279,242,281,317,270,284,262,282,287,299,272,252,259,274,269,264,260,269,267,245,281,282,337,349,396,381,423,437,486,644,776,746,611
80,83,90,86,91,93,98,91,93,110,108,113,105,104,107,108,100,104,97,97,98,101,102,101,107,114,106,117,122,134,150,141,152,158,161,178,174,182,176,173,178,165,168,168,154,177,162,157,138,151,127,129,120,135,130,138,131,151,147,144,130,123,133,126,127,130,135,138,151,158,155,175,159,156,165,164,146,126,129,130,136,154,132,159,200,208,201,213,221,232,243,251,214,244,243,257,277,289,286,254,296,273,277,276,257,256,250,216,254,229,190,231,253,249,252,252,244,229,250,260,257,267,263,255,220,240,251,248,263,248,254,265,238,249,261,250,206,247,202,196,255,197,225,229,215,259,273,278,248,224,241,263,287,285,275,286,293,280,280,273,273,284,276,278,281,284,288,290,281,285,281,274,279,360,468,437,471,465,447,545,487,438,408,420,462,283,274,370,459,529,376,424,265,245,217,250,384,253,202,192,195,249,296,308,520,283,432,401,278,440,435,241,204,204,204,207,261,228,201,210,221,240,293,274,254,263,263,267,290,280,294,302,282,257,253,257,262,268,267,268,273,280,259,289,319,403,369,448,455,464,440,442,532,778,578,532
90,92,95,95,96,95,105,100,93,97,100,106,108,106,108,119,109,114,97,109,105,107,108,108,114,125,119,115,118,127,137,117,129,125,145,174,168,172,170,182,188,167,176,167,172,179,162,154,142,165,134,135,122,142,133,130,133,141,144,138,123,146,148,146,150,137,152,157,154,151,153,159,150,163,165,166,147,129,151,148,163,154,126,154,171,201,209,214,228,232,238,239,204,207,244,250,271,284,267,248,275,274,260,257,254,242,247,211,251,206,186,246,241,240,244,235,234,246,255,266,251,255,262,265,245,232,227,240,259,257,235,245,221,237,247,248,197,234,222,189,201,187,216,246,265,260,265,280,268,271,242,270,289,280,267,277,288,279,268,256,258,275,276,275,276,285,289,290,283,284,290,323,318,406,375,380,410,517,392,532,537,460,471,293,441,347,300,502,462,520,480,512,474,466,422,300,211,192,192,197,223,243,254,318,501,356,376,355,319,411,318,208,204,205,209,223,245,208,203,223,220,235,288,277,303,280,271,273,289,279,295,300,275,256,252,255,259,257,250,256,287,315,295,352,364,417,427,508,482,614,560,507,506,574,524,535
98,100,109,108,99,97,107,105,104,100,100,103,99,112,112,121,123,114,107,123,119,120,119,123,130,132,125,130,116,118,113,119,121,118,123,158,156,156,155,167,181,176,180,171,191,192,163,151,151,153,134,129,135,141,127,151,144,139,138,130,125,132,147,159,159,153,153,156,160,154,149,144,152,145,164,163,133,143,165,167,176,146,137,174,185,193,210,218,229,244,239,231,226,253,246,265,282,272,254,238,263,257,253,225,229,231,242,220,221,224,191,216,224,237,243,233,241,245,252,260,233,248,252,260,258,240,227,225,247,241,241,218,216,219,214,208,212,199,212,186,191,186,247,264,278,279,281,281,275,278,276,279,281,278,265,270,273,275,262,248,264,281,278,278,274,283,296,294,290,316,349,435,492,492,387,323,466,491,416,486,550,451,397,314,486,364,332,391,495,537,432,431,481,438,400,292,192,215,203,195,230,199,194,295,440,482,302,334,441,253,221,262,232,202,203,262,236,208,206,225,219,231,295,264,332,293,273,277,280,303,290,288,259,256,252,264,262,246,245,256,284,297,376,391,383,424,445,517,519,700,645,559,484,467,484,528
101,108,110,106,109,102,107,114,118,116,116,101,99,108,119,121,126,115,125,125,127,128,127,131,137,135,138,145,123,124,120,131,126,125,123,155,142,136,160,174,165,189,186,177,187,190,153,160,173,153,134,132,133,148,133,137,170,136,139,140,141,146,135,140,158,161,155,161,160,146,137,150,147,147,156,141,137,174,168,161,150,136,147,194,198,208,216,216,207,233,231,217,243,246,250,268,270,262,248,223,254,257,225,219,216,225,228,211,208,208,182,212,235,227,233,219,223,237,246,242,239,253,247,256,259,257,246,201,212,234,257,225,229,215,190,180,183,190,183,189,221,233,246,280,274,270,285,284,274,277,279,274,274,266,270,263,271,268,254,250,266,275,270,271,280,293,307,336,298,350,335,331,444,423,364,349,438,432,421,529,492,523,519,279,403,437,213,304,537,472,341,466,405,372,342,195,191,215,192,191,196,250,307,274,376,457,457,546,535,272,202,474,305,205,206,282,225,208,204,211,216,235,275,280,319,271,297,276,290,310,288,279,251,245,259,254,252,249,246,257,263,303,343,396,429,439,478,611,739,855,779,531,482,469,472,497
101,109,118,113,117,112,114,120,116,120,116,111,112,113,115,119,123,124,129,131,139,129,133,129,144,138,149,130,135,134,133,139,137,122,127,140,152,164,169,177,186,193,196,198,171,172,160,184,165,159,139,130,141,139,141,136,168,156,133,117,121,124,127,141,155,156,164,157,154,155,157,152,139,137,126,129,166,181,177,160,138,160,130,171,190,204,211,189,216,214,209,226,223,253,258,269,250,240,221,218,218,229,219,211,204,216,229,218,191,182,220,226,235,235,228,200,219,232,233,239,225,234,243,247,252,254,254,230,201,238,243,245,209,226,201,186,194,221,252,236,250,267,273,272,271,268,278,277,272,275,275,270,270,266,258,248,251,239,242,260,268,257,260,269,282,378,386,417,409,352,302,337,439,347,372,300,469,349,440,489,419,450,495,281,255,390,231,353,474,379,238,358,270,305,193,186,211,215,263,324,265,407,471,451,362,345,341,372,298,231,317,548,255,204,219,250,217,211,218,236,217,263,252,275,298,279,284,295,296,304,285,262,247,247,262,252,244,248,236,245,246,266,366,401,432,444,483,697,1063,1136,726,546,515,501,453,476
98,106,118,112,116,115,108,115,117,121,117,114,121,120,120,120,119,125,125,130,138,139,138,137,150,152,140,139,142,144,151,150,134,131,124,125,138,161,171,188,190,189,190,191,191,185,187,165,151,147,144,124,150,145,137,127,175,179,163,142,124,119,118,130,144,149,159,154,146,152,147,151,153,138,133,160,169,202,202,168,146,181,169,150,162,184,206,180,209,189,176,189,225,230,256,258,238,233,213,193,195,202,199,206,202,218,229,220,202,188,211,212,232,227,228,215,204,222,232,232,233,220,236,237,238,247,244,239,224,214,224,243,222,232,201,188,203,238,253,271,243,281,271,265,269,259,270,273,269,267,271,265,263,256,252,246,239,238,242,255,259,257,265,281,362,355,361,434,473,445,360,319,378,426,324,415,460,356,486,425,395,321,366,462,344,210,343,486,467,375,378,246,339,204,186,183,201,247,437,455,410,336,443,466,364,390,344,260,241,233,511,427,233,213,270,242,218,215,229,221,241,225,244,290,302,284,279,281,295,289,260,239,240,279,262,237,234,234,246,261,379,488,401,369,462,518,505,548,716,892,689,702,561,542,521,496
91,99,117,116,108,104,105,119,115,121,123,116,111,108,106,108,108,119,126,124,128,131,143,144,155,164,144,152,150,148,159,151,140,138,142,133,135,156,168,172,175,171,170,195,195,199,178,175,152,142,137,134,156,146,150,135,166,175,156,162,143,132,122,121,134,144,151,148,143,147,154,151,142,155,158,177,186,178,191,152,135,175,175,138,181,199,212,184,189,150,199,195,185,239,254,236,229,218,203,187,192,183,194,211,208,214,221,212,208,191,212,222,230,218,224,215,208,216,220,229,233,212,234,231,235,232,245,234,220,191,231,245,230,207,190,203,236,237,257,263,259,274,270,262,263,256,263,270,265,265,270,261,255,248,244,240,232,231,241,250,250,258,256,282,322,298,376,423,416,478,392,294,416,508,354,413,394,399,451,319,420,437,361,394,340,211,285,406,496,390,308,226,281,204,206,197,199,379,487,463,406,330,430,460,396,318,284,239,211,425,489,260,240,238,276,248,229,218,248,223,269,270,231,303,293,272,277,271,283,278,254,237,255,271,244,227,226,237,264,277,353,439,435,453,514,548,630,691,736,835,714,625,546,509,516,530
101,106,116,115,114,106,104,110,116,121,109,102,94,96,109,107,103,111,124,117,127,140,139,144,145,163,147,162,157,159,167,149,153,150,158,153,138,147,167,166,173,177,184,186,181,186,166,163,151,136,129,153,156,146,139,159,157,152,156,153,137,132,128,119,121,140,144,138,140,152,158,169,175,169,178,174,182,172,166,150,138,165,184,147,162,198,196,201,144,172,213,219,199,241,230,222,221,211,197,184,174,171,186,202,202,203,212,196,206,206,214,225,228,229,210,205,201,215,209,221,224,219,237,235,225,232,239,234,225,198,223,221,222,209,197,225,242,252,254,257,260,260,265,262,261,253,256,263,263,261,259,254,247,243,242,243,242,237,227,244,250,241,244,254,254,311,421,506,427,458,500,304,389,440,307,388,357,350,521,459,362,504,508,298,361,203,239,271,420,332,371,201,191,206,215,201,266,448,465,467,458,451,407,448,330,249,242,233,339,512,397,226,250,286,272,248,236,215,237,231,279,265,232,297,272,267,265,269,275,267,254,236,268,260,234,226,235,246,269,300,379,449,487,481,514,629,827,838,763,847,644,559,538,526,527,559
109,112,116,114,106,98,105,120,113,111,98,90,101,112,124,121,108,111,110,118,134,148,153,162,162,162,155,166,172,179,168,168,158,161,170,162,153,140,144,156,165,168,164,162,174,191,167,150,156,143,142,152,149,140,126,162,175,171,169,150,159,137,134,132,124,129,139,134,139,154,165,168,181,170,173,181,154,163,148,141,150,171,176,151,136,158,189,179,134,135,155,165,198,218,200,210,215,209,191,182,179,168,181,191,190,200,204,212,193,192,207,218,219,222,216,205,190,209,209,209,204,229,236,230,216,233,232,231,230,201,215,209,200,199,185,211,219,239,238,252,255,255,260,261,260,244,247,255,254,254,249,251,247,242,234,240,241,243,242,227,239,238,228,233,298,304,331,477,481,372,454,362,311,396,228,273,310,424,523,355,283,433,436,288,384,369,224,186,380,235,247,204,201,192,213,192,286,457,451,437,448,459,449,431,428,258,256,360,526,495,375,238,277,300,270,235,227,224,250,258,283,249,249,269,278,268,269,286,279,272,237,245,264,240,230,227,242,244,269,305,432,421,476,539,614,741,1000,961,810,821,764,608,613,567,542,566
107,110,112,116,99,95,107,115,107,94,91,100,118,117,122,119,118,116,111,113,119,134,147,142,144,160,167,175,185,188,173,169,169,159,175,170,159,157,165,157,153,155,165,170,178,190,168,163,158,144,149,149,147,151,144,168,177,176,171,163,155,141,146,133,123,124,128,140,149,158,168,177,167,171,166,160,148,141,147,161,176,173,169,159,170,148,135,135,151,187,141,137,134,177,170,183,194,200,190,183,181,164,178,179,173,198,202,208,207,192,171,201,208,212,218,213,198,195,208,207,216,223,221,225,216,218,228,231,229,212,204,201,192,200,198,218,221,235,243,247,246,246,249,255,257,254,240,255,252,251,246,246,248,243,238,226,236,236,235,222,228,224,242,268,261,297,472,469,493,349,407,306,283,344,254,448,474,505,522,448,375,328,346,353,252,267,350,242,297,264,190,203,211,185,214,241,276,413,424,415,457,462,462,473,322,237,297,550,510,486,375,259,291,289,251,230,225,230,242,264,282,243,286,264,264,277,286,289,274,240,234,244,255,242,234,220,233,240,248,276,347,439,564,673,676,763,1084,1005,831,825,696,633,608,574,569,568
92,93,98,111,99,93,102,118,93,87,100,117,112,127,109,116,127,127,120,127,118,116,118,128,143,162,158,166,166,170,183,181,180,162,179,170,157,167,166,165,169,169,179,181,185,184,173,155,159,135,151,164,166,157,143,160,161,159,186,167,157,152,138,134,131,129,129,152,145,163,171,172,160,172,164,144,143,160,152,160,172,176,157,164,182,179,129,161,205,179,188,174,153,147,163,177,183,182,191,182,172,173,161,170,190,196,198,202,199,195,186,186,191,207,212,208,188,193,208,195,214,219,205,220,214,202,216,232,229,226,203,200,214,218,227,230,234,234,241,239,237,239,249,253,255,246,242,257,254,250,248,243,246,238,230,230,229,224,229,224,218,233,292,284,241,378,497,433,528,431,348,412,257,231,350,440,516,515,507,440,382,300,270,244,254,259,242,219,210,260,192,218,193,187,357,400,216,339,405,431,460,456,469,381,236,222,458,571,534,563,355,271,293,262,232,226,232,248,246,288,282,248,331,264,261,288,297,292,274,237,227,237,243,232,240,222,236,241,264,283,360,467,788,849,889,780,963,980,877,885,730,658,686,603,600,614
91,98,104,105,101,83,100,98,82,97,107,109,107,109,105,112,126,133,137,135,136,133,137,128,124,150,150,150,159,169,185,194,176,176,179,168,165,175,173,172,189,175,193,197,198,199,160,155,146,145,164,159,164,145,146,155,149,157,177,164,157,148,149,153,142,133,128,131,138,156,165,176,165,162,158,163,156,147,170,183,178,169,157,162,188,168,127,179,212,221,227,240,176,127,150,177,179,176,178,181,181,179,174,157,184,186,182,186,184,178,173,188,191,209,204,204,201,182,199,194,196,207,201,217,216,200,202,220,228,222,215,208,209,221,220,221,233,235,234,233,230,233,237,239,243,229,241,246,258,251,264,248,240,236,230,236,224,215,216,227,226,237,350,225,326,418,502,375,510,383,254,320,239,321,471,509,504,512,469,510,487,503,504,442,245,235,255,197,184,183,196,196,188,359,447,420,374,271,401,428,417,443,409,273,225,305,553,590,588,521,275,285,278,245,230,235,239,262,247,299,262,283,330,251,262,268,283,308,274,248,226,238,244,229,230,229,239,256,266,273,366,553,904,964,1019,853,901,798,910,929,962,848,775,690,648,612
107,107,97,100,101,80,87,83,81,90,106,92,97,99,112,119,133,135,143,139,144,143,139,143,140,135,145,158,170,168,179,188,167,176,158,159,173,189,181,182,178,188,183,171,180,177,158,147,141,151,166,165,161,155,159,171,137,133,166,163,162,168,160,149,148,141,133,128,143,157,167,167,179,172,162,175,151,138,148,168,169,174,167,174,175,178,150,137,177,218,214,212,165,142,142,175,173,163,167,162,169,168,171,159,170,164,178,189,191,185,178,164,164,184,194,196,193,180,185,187,197,198,203,208,206,198,204,210,196,220,204,198,213,214,226,224,231,233,227,231,225,228,227,237,237,222,246,249,264,265,273,243,264,262,233,227,226,232,215,220,213,234,271,219,359,381,453,310,443,355,318,212,396,406,447,480,474,501,414,474,491,418,432,393,335,249,251,195,184,184,200,181,259,452,443,430,403,373,399,412,431,457,335,254,332,467,562,586,596,453,276,280,271,233,238,245,253,265,252,293,264,288,302,283,255,262,283,329,262,256,221,239,244,228,221,230,236,252,244,257,363,512,630,754,738,939,903,709,767,897,1023,873,780,756,607,589
114,113,105,88,85,80,79,85,84,81,94,109,101,102,113,116,129,132,132,144,150,155,139,151,149,144,149,155,160,175,189,183,157,162,153,164,172,178,171,176,148,160,163,162,189,165,161,166,152,148,164,163,158,171,142,180,162,141,157,157,165,166,152,148,140,137,142,129,145,154,145,167,176,164,163,174,144,148,142,152,167,187,173,179,185,153,133,158,199,221,193,183,160,163,130,157,154,149,153,152,156,161,165,171,158,179,179,187,189,165,165,167,167,157,162,172,184,177,179,180,201,186,189,195,203,192,192,178,184,189,208,222,224,228,231,228,225,223,220,221,229,224,230,231,236,215,248,257,294,247,250,236,243,284,309,243,234,225,226,212,213,235,298,222,290,292,450,431,317,294,339,264,389,493,431,424,489,489,328,276,409,416,450,248,221,217,214,194,192,198,183,209,387,456,459,454,417,431,429,423,455,407,266,247,474,572,544,566,560,351,303,278,239,232,259,267,265,259,280,300,253,289,308,282,267,285,256,328,234,252,229,223,241,220,217,228,235,242,229,247,293,342,361,416,529,704,739,658,612,708,944,926,795,673,539,597
104,109,105,87,74,77,89,95,106,87,93,99,105,111,114,112,125,124,137,148,157,166,153,168,151,151,155,158,146,159,173,175,145,155,146,157,156,155,163,147,152,158,156,174,174,165,175,172,157,168,170,167,157,155,150,178,187,144,137,149,165,166,163,159,152,144,144,126,146,134,149,161,180,175,173,163,147,162,156,161,167,186,178,190,190,189,140,165,200,194,197,207,162,154,145,135,147,154,152,162,170,168,163,173,165,172,150,159,158,160,164,177,181,191,176,171,158,157,158,171,168,187,195,196,198,179,183,190,209,212,213,218,217,220,220,218,230,214,211,217,221,213,226,225,221,221,236,253,255,235,241,235,262,290,250,258,236,230,222,217,205,220,273,210,247,258,456,398,410,251,219,256,399,449,384,479,485,457,392,286,206,257,302,188,182,187,187,191,203,186,200,356,431,438,437,440,453,453,463,440,481,315,275,307,582,580,594,606,371,288,287,255,240,260,292,274,272,265,300,289,255,322,308,269,263,269,256,254,246,232,231,225,227,228,217,217,218,227,259,241,263,301,384,423,463,556,590,562,569,578,770,766,664,547,548,529
102,106,91,77,74,83,104,97,107,102,86,97,111,109,122,125,126,130,146,149,156,172,164,171,166,165,163,170,161,136,169,171,143,137,144,146,154,150,150,149,152,157,155,163,169,157,176,169,165,173,165,156,162,154,178,190,190,153,145,154,166,164,153,152,146,143,137,129,150,151,157,162,169,180,161,158,149,165,156,173,189,185,187,186,182,172,134,158,188,170,171,180,165,157,157,135,143,156,159,165,171,166,161,164,153,148,137,155,166,167,174,166,174,188,195,189,163,172,176,181,173,170,189,193,177,184,183,191,207,201,206,211,211,207,211,223,228,215,206,215,215,209,217,225,222,212,223,242,237,233,228,225,251,263,221,217,256,243,223,206,200,213,230,208,280,289,428,425,404,456,220,346,460,474,312,470,480,382,237,244,196,188,188,199,186,184,184,193,192,196,316,424,417,433,414,422,427,451,453,461,443,332,282,378,579,421,558,560,308,278,275,246,254,301,311,277,277,293,307,279,261,333,316,276,275,270,314,270,245,223,225,226,227,207,217,221,217,227,233,249,416,422,511,645,588,553,540,507,535,565,686,610,567,482,503,513
98,97,104,75,77,93,104,106,115,112,100,88,95,103,108,107,108,122,141,132,139,153,170,174,164,174,171,189,171,128,148,172,160,137,138,145,152,141,131,145,137,140,144,160,169,136,176,168,167,166,167,170,162,153,177,183,163,143,136,148,163,162,150,144,144,144,143,132,142,159,160,168,175,170,169,152,163,169,165,175,188,172,183,177,166,162,157,146,166,160,165,171,168,162,159,152,147,136,159,156,163,163,154,138,145,170,167,163,165,166,167,167,177,189,194,181,168,172,176,165,181,177,171,176,176,176,167,171,191,195,195,198,200,204,213,219,224,211,208,212,207,205,212,218,215,211,225,230,234,229,226,235,234,229,222,213,271,273,233,228,209,195,204,202,295,234,357,328,352,417,353,255,369,332,351,444,423,254,215,210,211,186,185,328,186,179,184,185,183,197,373,395,434,401,413,412,427,430,452,481,405,340,310,286,352,319,600,585,353,282,251,261,316,329,311,278,272,300,294,267,285,342,314,267,291,277,326,318,249,228,232,223,223,221,227,222,222,233,238,309,534,762,765,761,685,548,497,497,505,576,562,543,489,462,473,554
90,80,80,74,86,96,103,97,93,96,111,110,98,106,104,118,119,112,116,116,126,136,146,146,151,171,155,170,168,136,139,150,154,148,132,152,135,120,115,119,119,125,131,148,139,131,163,168,159,164,154,162,162,164,181,176,167,141,145,161,160,161,160,150,147,139,141,137,154,163,157,161,181,173,166,154,161,182,183,186,173,168,176,178,180,167,147,137,177,168,148,149,176,161,159,155,155,137,135,153,149,155,129,144,153,160,161,162,162,165,167,171,186,187,186,177,170,171,177,170,170,181,179,167,167,178,187,168,169,188,194,195,192,189,198,199,203,206,204,198,196,204,209,205,202,212,226,231,239,229,218,221,221,210,207,199,222,341,392,286,232,199,221,255,199,242,351,225,409,347,300,196,281,352,468,295,295,267,207,196,196,207,192,308,196,196,190,186,195,205,323,309,359,401,423,436,424,444,471,485,418,369,465,260,264,374,602,603,315,275,252,297,358,362,279,268,286,301,281,280,335,305,289,284,317,290,354,330,246,234,231,228,215,214,211,221,222,230,235,350,650,709,576,641,629,513,472,468,500,553,531,510,480,462,481,650
93,68,78,71,80,86,87,94,104,103,113,114,114,115,119,137,127,123,143,134,132,131,142,164,168,170,136,147,160,138,126,146,148,144,127,123,116,132,142,154,131,121,120,127,136,140,158,153,163,175,161,156,159,169,189,181,161,162,145,152,159,157,155,148,142,140,141,142,163,171,166,165,164,179,161,158,168,180,184,176,181,175,168,179,172,164,161,152,186,200,151,141,190,195,195,167,144,141,137,141,129,140,155,154,152,155,158,160,159,163,167,172,176,175,175,172,166,168,172,170,169,173,178,171,177,187,186,184,179,169,185,188,192,185,191,191,199,201,197,188,187,195,196,195,196,215,221,227,251,221,211,209,210,216,192,203,231,409,399,314,294,209,190,213,192,305,421,220,275,244,195,314,440,393,437,334,235,356,279,205,190,220,246,206,195,199,193,239,359,343,336,365,368,428,437,449,439,451,471,495,473,481,390,249,280,569,642,396,284,259,289,410,342,296,277,261,298,309,297,307,372,307,286,294,299,270,363,287,239,219,225,224,221,208,221,227,235,225,225,294,424,514,548,678,571,487,471,451,480,521,509,454,424,458,580,770
66,67,74,80,86,99,90,90,95,109,111,110,120,118,128,138,131,128,157,147,151,132,147,151,179,164,142,128,140,130,125,140,147,132,113,108,142,151,159,174,155,138,123,122,125,132,145,142,164,172,163,152,180,182,178,176,163,177,146,163,164,162,159,152,154,152,150,142,160,166,154,137,156,167,171,158,173,172,182,172,164,171,170,164,152,142,141,149,204,217,160,145,195,210,262,228,150,135,150,160,167,150,158,155,143,149,154,156,156,159,161,169,180,178,173,171,165,168,167,171,174,172,180,174,172,183,184,185,190,171,169,184,192,190,177,182,194,190,192,185,184,186,187,196,192,207,209,214,234,226,207,202,206,200,185,188,241,334,267,286,397,310,245,188,238,201,217,238,248,335,332,438,342,367,342,314,234,222,279,306,217,191,193,192,187,190,207,386,437,427,427,437,441,446,450,467,456,474,491,491,510,345,278,263,422,627,605,318,275,276,385,446,271,268,261,267,319,318,307,353,387,334,300,311,313,346,346,273,237,224,229,215,216,210,223,225,229,221,228,247,340,414,575,716,525,507,487,455,465,493,484,432,443,493,566,666
71,79,82,95,89,103,97,96,105,112,102,113,121,130,135,145,131,131,144,156,153,146,155,161,171,148,143,130,138,129,117,138,135,116,113,140,131,139,140,167,160,163,143,143,131,129,136,155,163,166,163,173,175,178,168,185,158,184,150,153,170,156,153,156,153,150,148,145,151,145,148,134,143,144,163,164,178,172,175,185,173,171,172,157,158,180,154,159,200,204,169,177,196,204,239,259,179,154,172,205,229,166,153,171,166,146,150,153,158,159,163,168,175,179,175,172,172,170,171,177,176,174,173,176,172,178,179,181,179,170,168,169,178,178,170,173,181,176,182,184,184,189,181,185,181,201,205,204,214,203,198,196,232,187,182,185,221,239,273,230,311,266,201,184,204,206,211,184,249,401,467,327,239,248,265,204,198,209,216,297,264,202,203,189,198,199,324,423,424,426,429,436,441,428,439,467,475,478,473,480,425,283,287,362,594,631,507,293,285,422,570,464,267,269,246,274,286,303,305,330,354,325,291,303,334,411,352,248,228,228,219,211,213,205,223,224,227,218,225,239,283,415,598,653,521,471,494,465,444,476,469,414,472,579,606,688
72,87,99,105,106,106,101,108,110,106,98,103,108,110,127,141,132,145,150,151,163,155,157,147,137,138,140,127,137,123,113,129,125,113,126,158,152,140,152,161,178,178,150,165,147,144,141,151,164,170,174,176,179,175,180,188,175,173,152,159,147,144,135,156,159,154,152,146,140,136,135,126,130,147,150,149,162,165,159,169,169,171,166,151,174,163,140,170,183,209,199,230,234,250,254,252,235,187,170,242,220,215,167,199,208,157,150,156,167,168,169,172,178,181,173,173,169,171,174,185,181,176,169,176,177,178,181,176,178,184,178,170,167,170,167,170,172,173,177,185,181,184,178,184,183,196,203,194,200,194,197,201,240,187,181,189,211,214,343,203,264,193,194,284,368,370,226,207,425,443,403,384,210,190,200,191,232,219,231,220,244,202,202,191,209,252,410,397,410,416,429,425,424,435,446,462,477,467,462,466,334,295,300,545,595,623,462,276,315,521,552,349,262,259,263,281,295,297,355,281,311,288,279,291,333,402,355,254,212,213,217,203,214,220,216,220,219,223,235,245,241,348,441,530,476,447,455,437,410,418,401,411,448,530,527,568
77,84,100,102,95,100,90,98,99,101,104,116,124,124,130,144,144,156,162,167,165,160,145,129,120,148,128,119,137,112,102,102,112,130,148,152,155,167,160,164,165,169,158,153,147,169,146,150,153,177,152,173,186,179,192,167,178,157,175,163,137,130,131,134,154,157,155,155,134,137,129,129,140,145,138,143,165,169,153,147,168,159,165,167,168,159,145,198,195,207,214,215,200,242,250,214,229,183,180,223,200,213,196,182,242,201,160,152,159,188,208,200,182,184,177,174,175,173,195,194,177,172,176,181,187,182,180,180,180,179,178,172,169,168,167,167,167,169,176,183,181,178,180,182,175,186,189,186,181,178,188,188,238,183,175,179,203,210,330,212,187,177,192,364,397,456,364,212,399,288,289,227,312,229,183,217,241,272,220,188,191,190,188,208,190,244,320,343,411,422,416,429,431,437,448,465,470,457,448,357,304,297,409,573,600,602,437,314,390,598,487,277,250,237,266,284,298,306,320,266,326,288,295,292,336,379,320,309,220,218,204,222,216,235,229,226,223,226,231,242,249,407,439,423,426,424,401,409,425,425,408,448,434,474,502,507
85,78,81,85,81,87,84,84,90,96,118,119,132,140,143,151,141,145,156,169,151,130,144,124,110,141,136,116,124,102,117,107,124,135,139,133,151,154,158,144,161,156,140,142,135,141,144,147,153,169,157,159,187,184,178,172,185,176,171,146,129,123,130,128,140,150,162,153,138,125,119,135,136,136,132,146,158,150,145,143,163,173,167,143,142,157,157,184,184,184,225,222,240,240,237,239,223,221,211,229,226,223,210,194,218,223,190,151,157,195,226,206,188,178,180,178,197,192,237,194,181,182,180,194,199,189,184,182,183,177,176,174,177,178,180,169,167,171,180,179,180,177,178,176,177,181,186,179,176,178,179,181,189,179,178,177,196,196,324,201,182,180,192,221,321,449,419,221,297,220,234,267,274,227,184,187,185,302,257,192,186,187,182,209,353,353,392,414,413,418,420,431,441,442,474,482,463,445,434,310,322,356,546,576,581,600,453,327,483,527,465,256,237,259,265,276,277,332,290,262,297,283,273,311,310,405,306,290,228,219,210,213,226,224,226,236,229,232,232,231,234,353,414,408,426,390,391,423,422,429,438,467,452,480,476,478
94,85,75,86,80,87,100,92,97,115,118,115,124,147,151,152,143,157,153,158,135,116,123,127,106,135,115,107,118,93,123,127,121,119,119,126,138,136,135,140,162,136,131,138,132,143,146,140,154,159,154,159,184,190,178,186,175,186,159,140,129,120,121,123,136,139,150,145,133,125,112,125,131,139,126,147,143,141,144,165,174,186,161,170,158,182,198,169,191,208,229,228,238,246,239,253,223,216,244,248,241,213,217,209,186,218,213,179,172,203,232,220,192,176,186,200,213,226,238,190,181,204,203,226,230,203,193,188,190,185,181,180,197,190,179,178,171,167,171,178,176,176,176,173,176,181,179,175,175,175,177,178,183,177,175,176,214,197,362,199,180,213,228,190,308,345,309,186,206,212,228,215,237,249,191,185,187,208,215,204,185,190,197,342,419,419,418,423,421,419,436,441,443,452,473,488,492,441,389,318,306,456,552,574,605,611,471,380,490,489,323,238,228,263,251,255,270,336,268,253,300,288,311,372,308,336,371,272,228,229,215,207,220,211,215,226,226,221,219,219,222,252,364,373,374,387,430,415,431,426,488,489,463,462,484,503
98,88,77,95,90,99,104,108,95,114,105,125,131,138,148,130,133,132,124,158,137,116,108,118,112,137,113,120,116,92,111,124,149,146,141,139,129,138,162,143,164,152,122,132,133,129,138,131,145,159,146,141,176,181,180,191,181,196,166,134,129,125,114,118,141,148,138,144,124,125,109,132,122,127,126,141,131,130,145,164,176,192,176,180,163,176,205,198,173,183,209,207,215,210,216,244,228,222,225,254,244,232,230,202,192,221,197,210,206,215,218,201,181,179,201,199,223,225,204,188,203,194,213,219,246,235,206,194,204,201,188,211,205,194,180,185,179,177,169,170,173,172,174,171,178,183,178,177,180,174,181,175,171,177,184,185,189,233,402,198,179,194,189,186,253,193,202,177,181,185,190,209,286,339,333,292,325,189,187,191,195,181,180,406,412,408,408,418,430,430,427,430,445,434,433,452,466,423,341,318,346,557,543,576,578,595,539,535,481,311,238,222,249,271,239,286,323,303,262,297,287,280,328,338,319,261,280,244,220,223,205,204,210,216,228,216,217,213,207,211,222,221,315,337,345,376,436,458,440,416,439,476,477,484,498,534
99,96,84,81,103,99,109,112,109,104,108,130,138,145,143,128,118,112,127,146,130,110,110,106,116,127,101,122,101,93,108,123,130,143,158,128,134,161,153,138,142,150,121,125,133,116,152,125,136,140,136,146,167,180,181,190,190,186,151,128,124,115,109,112,141,144,135,130,128,118,106,129,120,125,120,144,131,130,141,157,171,186,170,183,179,174,205,194,185,202,200,212,199,214,212,249,230,239,237,277,272,260,230,204,201,211,206,208,201,207,198,191,188,181,200,209,222,215,206,208,219,201,231,239,236,241,237,209,244,215,206,241,227,190,184,190,186,177,175,170,173,176,174,180,183,176,179,179,182,175,177,183,180,179,177,173,174,262,395,245,179,179,188,206,236,185,179,177,188,216,193,250,277,317,377,260,229,187,183,194,197,229,258,405,400,396,406,409,417,418,416,423,421,409,417,421,414,380,344,335,428,540,534,540,532,566,539,528,498,250,224,238,245,248,226,257,341,283,296,311,252,277,383,304,298,226,219,220,213,206,201,198,205,214,222,210,215,207,216,230,232,241,255,344,375,391,424,454,431,399,451,468,508,508,512,519
101,98,96,85,90,101,106,114,118,123,123,136,142,139,134,155,123,103,120,136,114,109,111,98,112,117,97,113,93,113,118,110,123,120,130,113,136,160,142,134,135,132,121,119,130,122,145,126,132,130,144,154,168,179,199,194,172,174,152,140,125,124,113,108,131,141,139,133,120,117,104,128,112,114,127,138,125,139,154,164,171,176,155,188,193,158,183,198,210,211,205,200,207,229,235,214,231,260,257,271,262,276,258,232,218,220,218,190,198,188,189,187,181,185,193,201,206,207,217,217,209,196,217,222,223,224,233,236,233,241,216,228,234,194,199,189,186,173,177,171,176,169,169,176,189,174,179,185,174,174,191,177,203,182,186,171,169,225,274,277,181,177,190,192,235,187,181,178,243,259,217,253,344,390,389,303,185,182,180,183,248,377,399,396,390,401,397,391,396,397,414,419,409,401,416,404,385,326,311,338,490,516,527,503,507,543,529,512,368,245,225,235,220,222,231,246,403,308,304,235,235,268,395,331,306,225,206,207,224,203,197,190,202,204,202,202,210,205,219,226,243,281,313,305,366,390,445,434,399,397,430,453,467,565,563,573
101,100,102,101,87,93,100,102,109,117,130,134,145,122,112,140,128,106,101,113,95,93,81,84,88,91,100,97,101,101,103,100,119,122,110,122,144,142,141,140,123,123,120,113,126,127,135,123,118,139,143,151,179,186,174,162,158,143,136,129,120,115,108,116,134,135,141,130,121,117,104,117,108,110,140,140,125,140,144,161,179,170,147,183,199,191,150,191,180,182,166,177,180,201,226,195,222,242,229,240,268,287,271,255,244,222,216,188,192,187,185,179,179,187,192,194,194,195,201,200,203,213,217,199,212,215,224,223,225,229,232,223,221,207,212,197,193,175,173,185,186,178,175,181,173,172,178,177,179,202,192,205,183,176,201,179,175,184,326,216,175,179,189,184,188,181,192,183,236,246,245,270,368,364,346,247,180,179,189,235,380,390,394,382,383,394,379,393,383,398,408,404,391,405,405,383,325,312,302,385,502,512,497,471,495,534,506,414,249,237,261,242,243,213,219,283,357,320,266,261,246,320,280,343,363,230,210,200,200,200,204,197,198,212,203,201,199,201,219,232,233,260,306,291,306,359,408,401,373,409,469,461,496,543,670,734
100,105,103,101,90,96,99,113,117,119,127,132,121,111,110,116,112,105,80,80,77,81,87,89,90,88,87,86,89,86,89,91,97,101,99,127,132,132,132,123,116,119,118,112,118,124,122,118,125,132,138,145,160,161,151,144,142,135,134,124,122,114,106,111,130,128,134,121,125,106,103,107,103,123,137,136,133,144,138,147,166,169,148,173,196,198,159,162,167,178,212,222,186,181,182,208,219,228,224,250,253,266,279,277,271,256,231,204,199,186,184,183,180,188,184,191,193,192,191,195,196,199,203,203,206,212,214,208,220,221,230,218,204,211,198,210,218,176,173,174,190,185,204,210,181,192,194,180,192,186,198,218,215,185,211,225,194,181,291,179,195,239,184,180,177,180,186,197,287,266,328,362,339,308,216,187,180,180,196,351,370,375,377,374,367,378,375,385,378,398,394,388,387,390,400,351,313,298,334,494,491,487,483,463,485,487,422,274,231,249,263,243,246,209,230,304,310,248,248,264,253,370,243,363,407,248,207,204,202,205,224,207,206,201,212,203,198,211,226,230,251,292,395,368,336,343,378,358,366,380,406,446,492,567,608,764
104,105,107,104,99,97,110,119,121,136,140,119,107,113,116,96,91,83,77,79,88,109,103,103,129,111,94,101,94,88,90,93,101,94,98,118,113,117,129,118,112,121,115,110,119,106,113,121,133,148,157,147,141,139,133,133,132,130,130,124,121,122,106,105,125,123,123,117,119,111,105,99,108,127,130,133,127,135,141,145,161,172,159,156,186,196,182,204,185,204,215,230,221,197,197,180,204,203,218,227,234,241,270,255,234,261,219,207,199,194,185,186,188,187,183,188,193,197,192,192,192,190,195,201,207,211,209,206,217,210,211,208,191,197,191,204,214,184,177,187,223,202,231,246,209,219,195,203,187,192,194,208,281,199,307,296,275,221,179,192,254,279,194,183,175,178,178,257,293,338,362,361,317,216,188,180,195,181,219,359,357,367,370,361,362,368,372,375,391,392,386,373,379,385,384,310,296,310,442,495,489,458,472,461,473,427,294,243,244,260,227,254,228,207,251,327,249,231,249,262,320,297,235,369,354,286,202,199,198,199,218,210,204,220,218,215,207,211,215,234,244,333,411,379,379,323,345,342,337,340,399,420,478,509,586,594
109,107,110,112,106,96,103,111,131,119,118,105,96,109,96,78,77,77,77,100,104,118,123,111,109,138,114,127,126,109,108,100,100,98,92,105,104,131,122,105,117,122,106,112,110,114,130,146,150,170,166,134,142,129,131,124,126,120,127,115,123,112,112,99,114,112,125,110,109,114,107,98,112,124,118,127,110,141,154,145,155,176,163,153,183,203,205,204,179,177,217,215,226,236,217,214,225,228,193,232,244,259,253,239,230,251,249,215,200,195,192,193,200,193,193,191,196,196,191,194,194,190,195,200,206,204,204,205,204,197,197,199,206,209,192,202,186,182,183,215,194,210,244,241,232,223,218,206,203,191,192,203,277,310,363,323,289,205,171,198,275,228,217,192,189,313,346,345,288,331,360,341,296,189,182,194,198,213,322,333,355,357,361,355,353,357,368,380,393,389,380,370,389,390,326,288,309,368,496,478,465,462,441,466,419,272,256,238,259,228,227,240,210,223,315,280,232,238,280,243,325,246,218,371,278,315,205,193,201,201,211,226,230,241,232,220,207,217,233,233,235,333,359,364,388,355,355,344,355,375,378,408,447,483,458,501
100,97,106,113,109,107,108,114,118,98,107,108,95,85,78,77,79,91,96,97,111,118,123,122,129,131,124,121,132,122,112,123,113,97,91,95,98,118,114,105,111,113,102,106,109,130,130,150,151,160,160,129,136,120,121,118,114,117,121,114,111,108,104,97,103,110,115,114,102,115,104,97,109,108,113,104,116,128,140,145,155,177,174,164,175,195,196,202,205,188,184,180,229,243,234,228,236,238,217,209,231,228,221,219,215,222,224,223,223,209,199,216,212,192,197,193,195,199,196,196,202,196,202,200,203,200,199,204,198,192,190,195,202,200,200,209,193,190,203,212,203,211,230,229,217,211,206,203,207,192,190,201,315,384,373,373,325,201,241,213,195,211,248,280,194,299,320,320,232,302,330,279,205,181,200,212,248,297,311,297,321,343,350,363,369,375,362,376,383,375,374,380,365,323,277,318,330,481,486,462,450,440,464,471,287,256,237,265,240,220,229,219,217,245,345,238,237,278,281,235,302,218,202,289,242,322,195,188,203,196,206,233,240,237,216,209,210,229,226,231,242,271,280,338,393,353,352,362,394,426,418,441,454,427,421,440
95,85,97,101,110,106,108,108,116,101,103,92,87,77,77,80,87,114,116,107,105,108,139,118,137,127,136,137,140,136,128,124,105,112,111,97,92,93,100,100,107,99,100,107,113,114,145,145,158,155,156,120,122,120,110,113,117,115,109,115,110,114,112,104,95,99,101,112,102,104,118,94,96,107,111,111,133,131,130,134,154,175,188,180,162,167,175,202,214,217,192,177,205,213,221,240,236,233,245,241,220,202,212,210,227,236,224,247,237,247,208,235,211,194,194,197,192,197,200,202,218,200,203,203,202,197,194,193,189,192,196,206,193,186,188,192,185,188,215,209,217,215,222,221,207,195,197,191,183,181,193,264,353,347,307,352,357,319,285,237,236,209,242,231,239,251,278,272,207,249,288,207,181,199,224,237,335,305,283,347,355,351,353,365,372,382,381,381,374,366,374,362,301,278,290,308,434,480,483,462,419,433,459,363,237,228,259,265,222,198,227,199,212,302,305,223,226,287,248,274,257,205,198,208,218,260,194,198,208,204,201,232,247,237,224,225,213,223,234,221,220,248,279,321,377,367,337,363,399,437,441,460,449,430,394,438
89,97,102,107,107,95,103,97,100,100,83,78,77,80,83,107,84,91,114,117,116,120,114,139,146,136,148,149,137,131,118,114,106,113,119,109,104,93,94,97,94,98,107,112,126,133,143,154,145,147,156,130,112,104,108,112,107,109,108,111,121,128,138,126,124,101,91,102,109,102,109,95,98,130,133,134,130,135,152,153,155,156,175,192,188,174,159,170,191,205,225,226,205,206,220,249,261,255,274,248,252,210,225,221,221,236,244,261,298,300,272,273,228,204,199,196,195,201,203,218,251,248,207,202,200,198,199,195,192,196,191,206,189,183,181,179,179,181,208,209,205,207,210,206,195,196,190,191,192,178,184,269,337,276,297,319,316,313,315,308,270,191,203,188,255,297,227,250,279,231,224,183,189,214,209,281,281,329,338,352,346,355,356,361,369,378,377,356,357,375,364,295,285,261,304,417,476,437,456,435,440,419,395,242,231,249,261,233,210,218,197,199,267,333,242,231,241,268,214,326,231,196,195,198,196,205,214,194,204,222,197,210,252,254,236,227,214,225,246,246,216,267,295,319,378,369,373,366,405,447,490,432,442,435,419,413
97,106,108,112,106,100,92,99,92,77,77,78,87,89,102,107,99,87,112,120,132,138,118,136,154,151,161,145,128,141,137,123,107,130,119,124,118,100,93,96,101,108,112,118,123,135,138,148,134,144,153,131,115,99,104,107,100,104,105,112,113,125,138,127,131,130,105,93,96,99,99,92,97,120,129,133,138,149,155,152,139,152,164,179,175,188,183,175,168,180,212,220,220,220,208,233,256,263,275,271,272,230,240,247,246,241,287,289,298,314,301,332,279,254,214,204,204,203,209,219,263,273,239,210,201,203,201,195,197,195,198,194,189,181,178,175,174,178,199,200,201,193,194,218,235,224,243,203,185,180,178,262,257,233,280,263,298,292,326,321,305,287,275,186,211,225,185,242,241,210,185,182,212,206,234,312,314,325,331,336,337,350,351,365,370,367,353,348,368,376,289,296,257,291,336,456,456,432,416,429,395,399,292,244,230,255,229,218,217,220,198,241,354,277,226,224,230,252,247,311,215,209,205,192,202,222,210,202,225,226,202,217,251,258,240,236,223,222,242,248,223,270,290,318,389,381,384,415,447,553,463,406,395,418,405,396
91,106,107,104,102,97,76,80,72,77,82,95,112,77,96,117,108,107,97,115,138,143,137,137,158,161,163,168,146,147,139,120,112,146,139,135,126,115,96,97,99,106,107,112,122,125,136,139,137,146,150,140,123,102,95,106,103,99,101,108,109,125,137,139,121,119,127,97,89,90,101,93,95,114,131,128,141,151,147,137,152,169,161,158,171,184,207,217,203,193,188,213,225,240,244,227,242,253,265,284,293,303,281,305,300,287,314,303,301,317,318,312,315,323,259,231,251,264,276,294,271,275,294,222,209,208,197,204,200,205,212,193,186,181,185,178,178,179,187,186,185,188,190,233,282,296,305,227,227,259,184,185,193,210,224,235,278,248,302,325,313,316,293,270,298,320,264,186,193,187,196,198,183,246,288,340,333,316,317,335,336,348,342,358,357,348,354,355,364,332,281,240,275,338,435,438,442,420,391,402,410,285,243,238,228,227,248,251,209,195,218,299,315,234,229,268,260,212,215,218,199,252,210,197,202,215,213,238,248,219,207,246,272,281,252,239,239,240,243,246,238,281,260,321,366,358,386,412,505,550,455,401,365,395,383,386
94,103,97,94,87,73,64,70,78,95,96,96,107,94,91,111,113,117,109,113,122,131,158,153,152,148,150,154,154,154,132,131,122,125,141,133,123,117,104,106,102,100,104,107,113,116,120,123,131,137,154,135,127,115,96,100,99,93,98,107,106,120,131,141,126,124,109,112,108,94,88,93,93,106,115,128,134,150,149,137,139,153,151,158,169,204,195,217,220,203,210,208,221,214,226,246,256,246,272,274,277,300,307,311,309,314,299,292,302,311,312,305,304,317,296,282,280,302,257,267,268,260,300,273,258,240,211,229,243,229,233,207,192,184,182,182,179,178,185,184,184,206,216,255,316,290,301,309,323,306,284,206,211,270,190,187,215,278,312,321,315,305,297,257,317,319,231,181,181,182,199,200,263,284,322,330,334,340,339,331,328,334,334,346,351,356,362,373,365,294,260,261,308,452,446,394,422,418,390,375,317,250,231,219,217,223,314,248,199,213,216,323,278,277,309,273,223,207,199,198,190,230,196,203,229,208,222,254,282,226,213,251,287,262,246,236,249,242,236,255,266,312,274,286,297,308,353,427,480,427,425,406,390,356,366,403
92,97,85,70,63,65,74,85,87,97,112,103,112,105,90,109,125,116,106,125,141,148,152,148,143,134,141,158,167,164,154,133,149,131,144,127,121,111,102,100,106,102,109,114,122,132,137,143,140,146,150,125,119,115,106,92,100,90,93,101,107,113,138,142,126,117,107,112,118,109,87,98,96,108,129,130,145,147,144,126,140,149,168,172,177,189,205,206,216,218,220,215,214,226,209,233,260,270,279,274,277,280,284,296,307,302,281,289,301,302,313,295,292,299,280,264,271,265,256,266,251,297,296,283,296,242,241,219,245,247,250,218,197,184,184,185,184,184,179,182,182,198,206,258,269,279,317,344,296,283,260,242,202,257,197,243,280,319,320,319,312,302,303,299,312,237,180,180,182,182,207,247,257,304,315,325,325,335,333,346,348,349,350,347,353,362,366,374,312,269,234,313,376,433,425,396,376,386,358,312,233,245,231,217,205,275,275,209,197,227,213,230,280,265,243,221,225,228,222,210,187,196,195,207,207,210,224,237,281,245,217,244,298,268,263,253,245,246,244,242,259,322,321,315,332,345,378,463,409,406,415,397,384,348,346,370
85,73,70,65,70,83,79,91,104,91,104,112,112,114,106,96,104,134,124,130,141,140,139,133,133,128,149,145,150,159,147,159,157,142,138,150,125,115,107,102,104,111,104,110,114,126,132,140,152,159,154,137,118,104,115,90,88,99,90,89,102,124,135,142,145,129,107,100,113,114,94,89,101,122,123,136,147,146,153,124,141,148,159,164,167,179,188,195,203,218,212,222,237,253,250,226,239,253,279,284,291,296,292,289,307,293,279,287,287,298,297,280,295,292,257,259,285,255,251,234,258,282,286,260,274,279,265,265,275,267,259,202,192,195,191,192,195,187,201,182,181,177,205,244,249,266,311,333,270,258,251,253,226,295,294,269,295,307,314,322,315,312,313,289,308,215,180,197,203,205,247,288,254,279,326,316,307,322,336,337,347,345,344,355,352,352,357,332,268,233,273,295,424,406,414,381,347,375,377,246,227,232,222,202,243,261,217,194,223,215,231,304,255,293,306,263,229,245,255,205,191,184,191,218,207,247,289,267,267,255,228,238,275,280,291,267,267,248,257,260,255,269,325,353,392,387,371,391,376,400,395,380,350,350,326,371
60,61,63,78,88,99,83,91,97,101,104,111,128,126,113,114,114,122,134,140,144,132,126,120,120,137,141,123,144,141,137,139,151,143,135,137,125,117,108,104,107,116,112,117,109,118,135,149,157,147,136,133,131,110,100,97,98,87,98,98,106,124,120,131,141,125,110,94,108,114,93,87,94,123,123,137,152,132,143,122,134,143,155,150,166,182,192,204,195,200,190,197,218,247,251,235,228,252,264,268,283,287,280,291,287,285,281,272,290,285,287,290,296,281,271,247,278,263,228,223,273,268,274,246,260,267,256,279,289,284,266,249,217,228,217,211,205,242,222,243,200,200,244,258,286,318,321,331,293,295,294,305,251,301,314,286,299,309,320,331,326,319,311,258,216,196,181,198,226,303,293,288,303,291,293,301,320,323,326,333,337,337,338,343,351,354,348,276,249,234,282,372,404,384,386,373,354,369,245,245,226,221,217,269,215,209,191,189,211,253,261,284,236,285,288,323,332,233,199,193,192,184,205,208,236,315,292,265,292,299,233,238,281,290,289,288,280,264,255,268,271,265,302,328,381,391,375,346,339,370,388,377,358,358,328,337
61,66,78,99,100,102,93,89,89,93,107,116,133,131,126,131,125,127,124,126,134,127,120,113,132,142,127,131,136,136,132,127,138,132,144,144,127,119,114,107,107,118,115,119,115,140,150,161,153,142,130,125,127,118,107,95,89,86,88,89,107,116,115,124,125,134,109,97,101,110,96,88,100,122,117,130,141,124,128,134,150,135,151,158,174,190,188,200,185,198,184,195,226,241,256,255,234,233,230,247,265,257,279,292,272,275,286,287,279,271,284,295,285,272,253,243,255,269,220,247,277,239,249,237,257,261,250,265,256,257,274,280,240,257,284,283,277,299,281,255,249,228,275,292,307,312,309,319,316,304,315,309,279,298,317,319,321,323,323,330,326,319,307,225,204,184,200,192,282,307,303,304,279,287,284,287,307,315,324,325,332,331,334,341,341,336,288,255,224,293,286,408,402,368,349,345,345,303,217,230,212,194,254,222,216,202,199,221,308,349,290,311,316,358,322,261,215,201,187,191,194,191,200,200,281,293,275,265,324,291,242,246,292,295,294,295,283,276,259,272,274,285,297,413,514,421,363,342,346,377,402,404,380,350,331,324
69,85,96,102,103,103,95,113,109,114,127,132,147,130,130,133,129,130,105,121,116,125,106,105,122,119,121,125,133,123,115,128,122,122,138,139,138,122,123,116,110,120,128,120,120,134,141,146,145,135,143,127,115,118,112,106,91,99,90,82,103,109,108,121,121,120,114,97,98,109,95,81,111,110,121,126,147,137,122,129,142,133,146,161,170,165,171,168,169,182,204,219,238,254,258,252,253,264,268,250,245,252,270,262,260,259,273,270,262,278,281,281,278,254,270,277,249,254,222,244,235,270,247,260,235,239,239,254,240,252,262,261,279,296,293,293,301,319,306,283,256,265,284,288,304,303,312,306,313,312,311,310,298,305,313,314,311,302,304,313,316,319,284,195,196,219,226,305,311,313,307,298,295,294,294,317,305,311,311,320,323,326,323,342,346,305,252,214,266,284,407,389,380,369,337,309,248,236,216,214,200,240,209,209,199,206,299,316,323,239,310,262,267,219,208,204,201,194,179,185,194,201,205,251,258,248,253,262,281,270,252,287,296,279,268,273,279,272,283,294,329,401,408,545,439,356,337,340,360,367,402,381,360,336,312,321
87,99,103,97,102,98,105,106,114,123,127,129,116,127,128,114,126,119,114,113,115,106,92,100,99,100,104,104,115,117,110,121,121,117,133,132,147,127,133,122,114,122,128,120,129,129,150,140,143,132,127,122,111,107,108,106,93,94,104,79,106,100,100,118,129,110,115,106,90,110,92,82,104,114,128,146,142,140,112,121,123,116,131,144,165,149,175,181,196,189,218,224,223,248,244,253,257,273,281,280,256,240,246,253,251,252,262,259,274,282,273,284,267,266,270,266,263,255,246,212,249,271,256,237,250,246,244,245,248,271,253,274,283,267,278,293,309,297,301,303,285,280,287,293,293,285,285,291,307,306,298,291,286,297,313,303,304,287,292,304,303,310,237,187,222,219,306,305,309,316,304,313,313,310,308,301,319,320,320,320,331,338,336,344,324,244,226,232,274,317,376,355,359,329,294,296,208,209,197,196,206,219,183,192,242,339,292,230,300,223,264,258,205,217,200,197,203,195,185,188,195,209,231,236,226,234,243,248,259,265,259,300,286,264,264,265,267,274,268,282,371,423,415,429,456,362,318,323,344,400,404,353,356,313,307,320
101,95,104,92,89,92,104,111,130,119,122,113,113,107,109,108,105,110,96,88,90,95,105,117,108,108,110,103,100,105,105,115,113,115,121,127,142,146,143,128,119,125,128,128,136,148,151,139,125,126,129,107,116,103,99,100,101,93,96,79,102,97,104,105,127,102,115,110,92,93,98,83,103,121,115,123,130,141,108,108,121,135,128,138,145,159,188,201,208,214,228,233,223,241,244,241,240,258,270,278,279,255,258,285,244,259,264,270,275,280,295,292,263,280,285,246,249,247,262,208,239,274,253,232,219,246,221,245,257,261,259,274,265,272,288,296,302,289,290,301,291,284,278,304,303,276,284,289,291,288,287,272,268,285,301,298,287,283,280,282,293,293,216,213,223,291,299,295,302,312,307,313,320,321,323,305,304,331,336,336,331,338,341,348,267,222,218,281,275,385,349,330,319,286,262,217,188,190,232,226,197,181,174,194,315,296,211,197,223,222,218,236,192,196,191,211,216,194,194,181,199,204,228,220,214,221,232,215,246,246,276,294,273,244,254,251,256,257,260,292,350,340,342,406,391,343,312,342,361,382,384,335,330,286,302,338
95,95,88,75,87,99,101,107,110,120,121,104,106,113,92,106,94,88,86,95,109,117,130,116,138,135,140,106,122,117,118,112,108,111,119,124,135,150,152,136,131,126,128,136,140,150,146,139,132,116,115,101,111,111,96,90,104,95,84,79,93,104,118,114,119,105,104,113,109,86,92,84,84,112,112,119,145,127,110,126,130,151,165,153,171,193,181,182,204,219,205,211,233,233,228,215,226,249,268,254,265,259,257,279,268,248,258,273,293,288,287,287,264,255,260,256,250,222,229,212,242,264,263,252,253,241,256,262,248,251,258,260,257,262,267,284,280,276,283,294,289,298,299,279,275,251,269,266,263,285,281,276,262,284,284,283,269,273,269,282,298,269,201,254,269,273,283,290,294,305,306,317,322,321,330,335,307,312,324,324,330,342,345,279,247,209,287,269,315,321,301,294,287,284,235,216,188,189,194,178,175,179,195,209,215,199,194,195,179,200,181,176,184,199,188,211,235,272,214,195,204,193,216,200,208,199,199,215,233,227,256,266,250,249,251,261,259,244,284,325,338,317,346,362,340,315,305,332,309,331,316,307,292,302,344,366
81,74,72,81,80,85,94,105,114,128,124,103,97,112,86,81,81,85,108,112,119,128,132,132,144,148,130,111,124,135,139,125,117,112,116,131,140,143,140,144,140,128,125,133,137,137,119,126,126,121,105,96,104,104,104,94,95,107,90,77,83,96,112,130,119,111,94,109,111,103,94,90,81,106,104,126,141,113,113,125,124,140,167,174,180,184,178,190,199,217,200,192,225,220,239,235,226,228,252,246,244,236,253,246,247,236,253,261,282,273,280,262,246,244,253,260,252,247,239,206,225,258,255,249,239,229,242,246,238,241,238,260,258,263,266,266,272,269,289,303,287,278,294,263,262,244,262,254,278,282,267,263,258,283,277,280,264,258,264,277,270,213,236,226,298,276,281,287,284,288,301,304,312,313,320,324,314,323,325,327,339,339,340,239,218,218,286,307,334,288,285,270,268,263,220,183,170,168,169,169,173,178,184,177,179,186,181,190,176,182,192,194,177,180,193,241,275,229,201,194,216,211,225,202,195,209,217,212,209,226,223,244,238,251,251,249,240,250,301,336,338,313,306,312,323,316,324,302,286,284,290,311,323,342,358,342
69,84,87,99,103,93,93,96,103,122,106,102,90,99,73,87,93,112,115,126,126,143,145,140,141,151,137,116,122,151,136,127,125,115,118,122,129,140,142,134,124,120,115,126,132,146,121,111,121,109,99,98,97,97,100,100,89,97,96,75,83,88,112,112,118,112,99,102,102,109,104,98,83,93,110,131,129,105,129,132,145,139,165,158,174,170,180,187,195,197,208,198,213,199,222,226,218,240,239,237,230,237,238,234,237,225,258,270,250,246,275,260,236,233,241,246,245,231,226,208,209,237,239,237,228,230,233,237,237,238,235,243,251,271,271,252,260,270,301,297,260,282,292,252,251,245,260,248,266,268,259,248,277,278,266,261,260,262,260,279,225,233,233,255,281,264,268,279,296,274,293,293,302,305,321,327,318,322,325,327,331,339,344,242,206,282,249,344,279,281,273,290,266,223,199,177,166,170,166,166,168,170,173,169,176,181,181,179,176,176,193,197,184,180,185,217,201,195,226,208,246,240,238,214,200,220,236,214,197,229,236,256,265,251,249,243,231,252,304,298,325,312,300,304,333,320,305,274,310,297,310,302,323,316,328,336
59,73,86,97,101,103,105,105,108,113,107,93,86,77,87,105,111,119,139,143,139,125,130,127,126,137,159,148,129,135,151,144,125,138,129,138,130,146,143,125,115,113,111,126,130,127,120,108,115,104,101,90,94,93,92,96,88,90,97,85,76,92,96,102,110,102,91,99,102,107,116,110,86,90,127,132,106,105,122,138,136,165,178,167,155,172,183,169,187,198,189,185,189,196,226,192,213,233,216,234,224,221,231,203,209,247,256,258,264,261,246,234,240,224,227,232,234,246,235,217,204,198,214,233,205,196,228,249,225,218,226,247,272,277,271,255,279,262,293,281,288,251,271,245,231,239,231,253,252,242,235,247,264,267,248,244,242,235,258,245,232,246,273,267,247,254,268,280,289,289,302,297,306,315,325,330,326,315,318,316,326,285,257,209,258,258,332,267,260,281,392,297,190,179,171,176,181,167,171,168,166,170,171,168,168,167,173,175,174,180,182,192,189,192,184,205,201,226,220,224,251,229,237,218,226,247,245,238,211,225,222,244,243,279,245,229,234,263,303,294,299,305,297,319,320,304,298,264,294,332,333,329,342,329,324,325
61,61,64,89,94,82,96,93,98,91,88,77,76,72,88,100,115,115,137,122,123,118,108,115,118,124,140,155,140,133,154,148,137,137,135,135,138,143,142,118,112,113,107,119,128,137,120,122,137,135,123,111,91,85,87,89,95,80,85,88,76,86,99,100,109,104,95,90,95,107,118,114,90,78,113,118,95,121,114,133,149,170,163,177,147,171,171,180,184,195,170,165,183,181,200,193,223,220,193,211,200,219,211,201,236,246,248,248,267,271,246,236,225,228,221,232,226,248,232,234,205,178,198,227,223,205,214,218,236,216,246,260,271,269,243,265,276,251,286,278,265,254,244,242,231,227,219,234,242,237,223,248,259,263,248,232,230,245,266,274,252,263,278,249,250,265,278,280,280,279,287,291,303,320,332,331,323,316,318,324,322,233,241,219,250,298,271,252,283,359,269,183,177,172,172,176,178,177,178,178,166,173,174,175,177,169,170,174,183,187,183,187,197,214,212,224,233,239,227,237,275,263,250,234,246,247,260,244,225,218,204,215,244,259,250,218,237,270,320,305,272,272,298,320,307,284,264,278,311,326,350,340,327,325,308,318
84,77,66,68,76,71,71,71,71,71,71,72,86,95,84,90,101,116,121,107,106,113,113,123,144,128,140,148,163,157,152,141,129,125,139,134,134,139,128,114,110,108,109,114,124,124,129,134,138,153,134,135,116,101,87,79,85,94,80,86,81,83,90,93,104,101,96,92,89,99,121,108,87,79,123,104,111,117,126,139,160,167,157,163,143,162,155,171,182,206,190,190,153,160,172,181,196,203,215,198,194,215,203,198,224,237,243,240,257,257,249,247,233,216,212,214,214,230,236,226,226,198,179,199,219,212,206,207,226,232,231,250,266,251,227,261,262,240,257,267,243,225,230,229,220,228,222,214,234,220,222,234,245,240,241,220,235,271,293,280,249,265,255,231,254,261,267,267,273,273,286,306,340,370,329,343,328,322,324,327,267,230,217,264,277,269,254,278,325,221,181,169,178,182,174,173,181,185,194,187,171,173,186,187,183,181,173,183,197,188,188,189,219,238,228,235,303,265,246,253,259,264,240,227,246,276,263,245,227,218,222,209,252,251,258,221,228,243,248,270,274,275,286,293,282,278,282,288,306,324,325,330,296,309,316,317
97,99,97,85,83,79,74,82,94,88,77,94,96,110,103,96,89,91,96,103,118,125,142,131,144,137,134,144,154,137,132,124,131,116,120,132,111,122,114,118,112,102,103,113,130,139,153,152,144,148,134,119,119,106,106,91,74,93,79,72,78,70,86,89,95,99,101,90,99,86,108,104,79,90,112,87,103,108,135,149,147,143,164,151,146,148,167,171,186,190,176,168,172,193,166,165,177,172,188,170,182,180,187,203,232,215,224,249,236,221,239,237,237,223,244,226,223,222,230,222,220,210,186,194,233,238,198,234,219,241,247,241,251,243,213,221,245,245,223,251,214,199,214,225,230,225,205,207,214,214,211,236,227,220,220,219,251,266,292,262,281,262,234,234,247,242,255,263,267,286,333,356,326,299,298,320,326,319,309,259,236,199,189,290,290,245,271,365,209,178,174,169,173,176,169,168,177,188,194,187,182,177,175,179,179,183,179,185,190,190,209,216,209,204,240,255,276,273,284,276,258,267,245,245,252,281,256,241,234,225,216,215,235,247,223,220,231,225,251,277,281,274,266,278,275,284,290,279,286,303,313,303,295,310,319,333
103,106,102,96,86,93,86,85,98,106,90,88,103,118,106,111,97,104,113,115,131,136,141,151,133,133,138,136,147,129,117,127,114,113,115,123,110,114,112,115,107,102,104,117,128,131,145,144,135,144,143,117,114,113,97,95,81,77,79,78,77,69,85,91,94,93,87,97,97,89,109,100,84,89,102,90,102,120,130,144,139,135,164,158,141,155,177,186,190,183,156,133,177,152,171,182,196,202,177,179,188,208,184,189,214,212,242,236,224,213,221,217,228,216,246,231,219,217,239,214,201,202,188,194,214,204,191,233,220,242,224,246,224,194,205,243,255,230,219,211,189,199,212,231,225,208,209,202,199,191,206,218,204,208,211,238,240,286,277,268,269,243,231,240,239,247,255,274,296,330,328,304,282,281,321,326,330,324,257,230,216,237,263,286,248,269,332,230,173,168,166,166,173,168,166,177,166,177,191,191,183,180,194,181,179,181,193,192,199,216,232,241,211,246,235,264,274,297,298,274,269,264,252,262,262,253,241,248,223,219,214,220,217,219,213,218,212,245,277,292,286,283,284,273,274,282,302,303,293,291,281,286,290,312,332,317
97,100,101,103,105,99,90,88,97,91,109,95,101,123,119,121,103,120,116,131,133,138,139,139,114,122,113,125,122,121,107,116,116,104,110,117,108,111,108,105,108,100,99,116,123,128,135,136,128,136,137,130,103,112,104,94,84,80,76,72,71,68,77,82,81,95,90,96,100,83,101,85,80,96,92,95,124,121,143,140,126,142,149,155,138,153,170,172,183,169,141,128,142,178,179,220,200,214,207,192,215,221,211,205,215,223,231,210,221,212,211,199,225,200,217,228,209,208,233,234,213,187,179,180,187,184,212,221,191,231,219,238,202,200,238,227,235,200,180,174,178,193,193,215,232,214,200,194,179,187,182,205,201,220,238,233,254,291,261,272,245,228,227,234,239,251,273,316,295,295,269,277,298,296,322,309,291,291,229,212,240,241,246,245,274,308,228,182,165,170,167,168,173,166,177,181,173,169,178,177,177,178,185,190,192,200,213,204,218,220,224,235,256,272,238,265,272,281,295,294,270,269,252,250,239,236,235,229,226,212,224,217,214,219,241,250,238,234,243,260,274,272,305,295,286,294,319,311,297,293,278,282,292,293,308,312
88,87,85,95,100,111,104,96,108,98,110,114,96,114,131,112,117,120,114,130,119,123,132,123,112,116,112,102,116,114,106,121,106,97,101,115,96,105,111,102,99,96,99,117,121,120,136,123,122,137,126,129,104,102,96,101,102,86,78,78,73,69,75,82,80,85,87,99,102,88,81,80,75,85,85,102,119,142,131,121,133,146,134,153,128,137,156,172,177,172,124,122,174,180,199,226,232,215,237,198,203,216,203,208,223,207,206,205,211,227,212,197,203,203,207,229,216,189,213,229,200,192,235,192,178,184,239,225,198,189,203,192,216,234,219,208,193,175,175,219,236,198,204,255,254,235,191,186,179,191,174,191,198,220,230,244,263,254,256,234,228,251,238,248,257,283,314,330,264,259,277,307,315,318,308,272,256,242,220,204,228,253,264,253,288,214,174,174,171,171,180,169,165,167,170,178,181,180,174,178,179,181,188,207,211,229,260,266,233,247,241,263,285,263,260,245,256,268,274,278,277,271,258,238,241,233,230,237,216,217,224,227,223,252,275,279,265,269,254,248,266,268,282,287,306,316,335,312,303,297,295,293,299,284,330,320
88,93,104,103,104,110,115,105,108,119,109,121,112,121,111,110,110,113,108,109,111,113,125,128,105,105,100,101,121,120,106,118,102,92,110,110,95,98,98,97,94,96,107,115,120,130,117,115,117,124,118,123,115,101,89,88,88,82,78,74,94,73,72,68,72,76,81,94,87,84,75,79,82,88,92,99,121,140,118,119,140,142,130,145,122,141,155,173,166,158,132,129,162,164,201,215,224,235,237,227,223,205,199,201,210,207,193,200,220,208,225,197,191,209,185,200,210,203,202,223,230,222,213,200,173,206,220,212,214,185,193,197,232,216,187,171,161,166,211,210,199,189,201,248,235,204,175,177,183,180,166,187,213,234,288,254,244,250,234,225,219,253,252,262,296,293,286,295,263,266,295,330,317,315,262,233,191,225,193,235,226,248,233,239,205,176,167,162,170,170,173,165,170,171,173,181,187,193,180,182,192,203,199,233,292,268,284,313,278,293,264,272,278,249,261,251,267,258,271,263,278,279,257,246,239,234,286,272,241,217,234,243,260,270,284,309,290,279,251,272,271,273,277,284,299,320,338,316,294,299,305,324,336,317,323,328
104,100,107,95,97,100,108,118,125,132,118,103,97,106,94,108,104,103,96,118,119,132,137,125,105,92,92,119,108,113,107,104,107,86,87,88,92,89,89,90,90,98,112,110,113,125,137,127,125,105,112,115,115,115,101,97,84,76,86,93,98,88,79,76,69,64,72,89,81,73,74,80,92,101,109,123,129,138,122,125,137,136,120,122,130,150,161,169,131,132,153,166,186,196,198,175,200,233,235,235,213,183,178,200,203,198,194,212,219,211,208,212,188,193,188,199,202,217,214,219,220,219,218,201,176,186,208,195,208,207,182,214,204,194,170,184,201,185,187,182,179,190,203,235,245,187,173,174,165,174,188,219,211,275,284,243,228,225,235,231,224,238,253,298,327,280,260,285,273,290,283,304,332,275,215,216,211,193,211,210,228,252,271,175,167,169,165,174,162,162,167,179,169,170,170,182,229,272,209,205,193,219,258,280,302,271,265,331,388,338,270,285,275,254,243,240,259,274,276,262,277,288,262,249,228,247,297,294,247,262,272,271,266,283,302,305,276,255,253,264,272,268,272,281,305,334,342,325,294,306,304,325,360,337,340,350
87,99,96,83,90,109,97,106,116,130,105,97,98,94,88,113,95,98,96,110,115,131,128,134,120,111,85,118,101,103,102,91,89,84,108,90,89,97,96,92,95,103,113,107,110,121,149,146,152,121,96,108,105,105,116,103,87,90,100,98,96,95,97,84,77,64,63,68,66,73,80,85,101,112,121,132,125,135,120,134,136,112,113,130,135,153,159,156,110,134,156,161,180,189,152,163,210,201,214,222,201,190,179,190,205,203,190,233,207,233,225,204,186,192,186,188,198,220,223,212,208,219,212,184,178,171,198,170,197,199,182,175,182,184,207,227,237,190,178,181,198,189,211,239,199,177,188,202,178,191,245,259,263,284,254,222,208,198,274,296,263,240,298,327,295,278,284,329,304,274,304,310,253,229,208,230,200,195,193,181,168,183,184,162,164,171,159,169,168,168,164,181,180,176,177,216,373,325,227,212,229,236,258,234,226,263,317,407,423,355,269,286,275,266,243,236,249,265,276,282,287,265,256,250,237,233,256,279,279,296,310,301,279,276,287,277,265,269,275,285,278,284,279,294,314,337,334,315,292,306,312,338,360,333,313,328
84,90,76,82,102,116,105,100,121,131,103,93,95,94,89,106,93,90,110,125,126,133,116,116,125,104,85,115,96,93,95,83,83,99,107,107,113,129,118,105,106,106,109,107,107,115,134,152,138,139,107,101,102,103,115,104,97,98,98,93,100,94,97,97,88,65,65,63,68,75,80,93,113,121,132,132,123,132,114,127,111,110,131,161,138,157,150,144,107,140,165,181,188,172,147,182,207,180,207,191,179,192,189,181,210,192,193,207,209,236,216,220,210,188,187,174,185,213,206,208,191,205,205,197,204,196,180,182,171,184,181,178,183,176,204,217,228,216,213,223,216,222,208,225,208,163,182,203,156,245,281,292,302,273,225,199,191,190,240,282,235,259,291,288,259,291,324,327,279,313,304,246,229,245,279,224,176,164,163,166,162,171,169,166,157,163,164,166,178,178,173,177,190,179,176,211,292,268,256,223,198,249,226,220,233,279,317,307,308,290,296,290,277,269,257,238,247,260,285,289,274,257,268,263,252,236,257,289,305,338,319,296,271,301,297,270,279,276,290,287,274,284,291,313,326,316,285,298,303,309,335,342,337,332,301,317
68,80,83,96,95,96,99,109,127,125,104,91,83,103,84,87,80,112,121,107,125,113,107,105,103,93,82,88,83,86,80,81,100,129,113,132,131,120,124,117,109,109,107,106,106,116,128,147,129,117,109,93,98,96,103,104,94,94,98,88,93,89,100,92,101,82,71,66,75,79,90,103,115,113,118,116,114,128,118,100,117,130,132,142,156,155,135,115,118,155,175,166,184,167,167,175,169,175,194,179,178,182,186,179,197,193,172,182,201,207,209,204,203,182,172,193,184,188,192,199,210,205,200,201,198,184,182,181,194,179,179,184,182,183,192,220,208,191,213,239,216,247,171,149,151,142,158,151,240,259,336,338,272,207,177,162,184,188,196,225,296,287,258,255,297,348,304,284,346,287,258,251,279,213,223,187,174,171,165,155,160,155,156,178,166,164,162,167,182,182,183,201,206,193,185,187,213,250,229,204,209,205,207,221,244,270,301,296,291,315,302,294,294,283,260,243,265,278,296,285,271,267,267,247,257,245,282,301,312,331,320,294,266,315,293,282,299,293,292,290,295,286,305,325,330,312,299,327,321,324,336,333,333,325,295,290
80,79,87,97,88,91,93,108,114,120,107,93,86,81,78,85,107,105,122,106,115,105,96,88,85,77,78,80,82,85,84,90,109,109,127,131,123,110,117,105,106,103,102,104,99,107,115,130,141,130,105,91,89,90,97,104,98,87,83,89,84,91,89,89,97,89,71,65,72,79,103,106,102,106,114,117,119,126,123,99,125,132,145,140,144,140,124,111,144,179,155,146,166,138,153,156,168,161,171,177,167,177,160,176,196,167,180,210,214,208,197,188,189,185,191,202,192,176,183,189,198,178,176,189,191,197,190,191,184,180,168,166,187,193,203,197,194,181,222,231,234,203,146,128,113,120,133,194,275,254,294,244,195,158,154,164,181,175,213,259,287,263,252,288,336,324,303,351,331,284,257,360,398,210,181,175,174,171,166,165,166,184,191,164,166,168,187,199,199,196,224,229,221,193,189,233,243,264,232,212,199,205,223,267,312,338,309,302,358,299,297,301,285,259,258,251,254,276,290,278,271,274,259,289,279,270,272,305,337,347,330,296,319,309,287,308,328,318,321,318,325,311,323,342,322,323,356,351,344,325,343,309,300,305,317,288
93,83,75,80,88,102,105,112,115,103,102,91,96,76,76,99,109,98,101,90,106,94,86,78,74,81,79,81,101,108,111,111,121,117,123,119,107,101,114,105,104,100,100,102,97,99,114,124,148,150,128,110,89,83,89,100,98,87,82,79,78,90,79,85,93,91,64,67,69,77,96,85,102,110,134,118,123,131,114,99,142,128,132,131,129,135,104,124,157,168,143,142,152,147,140,160,183,160,168,161,167,171,162,169,190,160,185,206,195,201,189,175,171,180,190,180,180,171,170,169,170,167,166,177,178,177,186,183,184,183,178,163,187,192,176,164,153,212,228,194,216,158,124,113,109,132,194,217,280,261,234,181,157,140,156,182,179,206,276,296,280,271,296,320,330,308,331,351,277,299,375,387,277,185,172,170,167,168,172,171,207,177,170,160,182,191,216,253,225,212,235,232,269,254,250,204,238,249,222,212,203,203,238,261,394,367,326,296,318,288,294,280,294,275,268,281,265,272,280,282,268,267,303,356,335,357,334,369,369,350,348,324,314,278,280,288,312,322,333,341,337,344,333,320,314,316,330,339,340,335,319,296,296,302,301,300
91,96,85,96,101,105,122,111,103,103,86,97,87,76,84,88,88,86,76,79,74,77,77,74,84,89,110,117,115,119,113,106,119,115,121,110,109,105,106,100,99,98,99,105,103,101,109,116,137,144,131,129,97,80,91,99,91,91,96,97,81,75,78,83,84,91,70,62,69,77,87,103,100,112,118,127,145,128,103,111,128,123,123,131,107,108,107,147,136,132,137,142,181,180,166,170,185,163,160,153,169,183,192,149,165,145,163,180,183,199,174,190,163,177,186,181,183,170,164,161,158,162,167,163,162,166,172,179,181,169,164,161,140,158,163,179,163,206,187,144,126,111,118,115,126,190,210,235,272,222,172,142,152,147,158,169,194,264,290,245,278,310,325,340,318,324,387,371,328,387,361,276,191,172,172,166,166,165,174,204,176,174,174,191,211,242,274,217,195,191,198,231,267,303,258,236,255,240,223,216,207,215,217,270,370,283,299,285,307,311,314,305,298,272,270,272,287,272,278,316,323,311,341,371,381,392,394,401,393,381,373,327,299,291,302,299,330,346,351,343,348,343,323,302,308,336,322,347,332,325,302,307,316,286,290,310
84,101,94,97,100,113,117,108,105,85,87,99,83,65,66,62,63,68,68,71,78,84,99,110,102,115,120,116,119,119,105,100,113,110,119,106,99,106,105,95,93,98,101,104,103,111,92,113,132,138,117,121,103,82,84,98,89,90,92,93,87,73,72,76,81,91,63,67,67,75,86,96,115,118,125,132,141,117,90,118,105,105,117,100,98,101,114,117,127,150,162,154,178,201,188,161,160,161,145,155,186,175,163,174,153,129,182,190,200,180,169,184,177,159,167,173,164,168,159,151,154,154,158,152,152,153,159,160,164,167,170,146,124,134,155,187,151,182,125,149,104,114,130,145,166,182,208,232,206,164,139,148,168,177,161,183,251,272,251,268,281,316,329,318,316,362,411,336,405,389,216,201,173,172,164,167,160,207,228,167,175,179,177,212,242,268,211,187,183,204,236,228,234,263,238,241,249,239,238,241,213,221,232,311,306,272,270,333,365,390,373,363,337,297,300,295,305,326,346,370,369,355,370,374,380,382,390,401,399,390,373,323,289,291,309,319,338,356,339,316,318,321,311,296,299,316,327,327,330,310,302,302,287,293,309,317
99,96,100,105,110,113,108,102,96,89,86,93,73,61,62,80,80,84,79,93,94,110,122,120,120,120,110,99,129,104,100,91,109,111,112,101,88,102,95,90,92,93,95,107,104,104,96,100,115,130,111,106,110,89,77,88,83,87,89,89,85,74,71,70,78,82,65,64,66,76,85,92,109,116,118,132,125,107,92,93,95,95,97,98,100,129,139,141,157,164,159,150,166,172,177,162,151,155,144,164,190,179,161,177,152,131,172,202,200,176,156,163,160,147,149,148,146,151,159,160,163,152,146,156,152,152,154,146,154,158,176,171,110,174,162,175,172,141,123,125,145,133,168,194,257,217,231,197,161,159,139,147,160,178,176,238,258,271,253,275,315,313,313,299,342,373,397,248,254,243,184,174,167,166,161,164,189,208,167,159,168,179,191,225,189,216,194,186,188,204,229,230,235,227,234,240,252,255,281,238,270,294,308,276,396,353,294,353,367,392,400,403,367,357,335,343,344,358,368,370,354,367,360,363,381,374,377,398,381,369,357,327,291,305,315,328,332,339,327,303,307,312,305,295,294,315,317,327,319,316,310,291,264,302,290,311
104,110,107,112,103,107,96,83,88,87,74,84,61,61,86,96,107,103,111,110,109,111,115,92,117,101,101,93,98,92,98,89,101,105,97,99,84,94,86,89,87,98,97,104,103,103,99,97,99,124,116,94,100,95,77,77,79,84,88,86,84,75,68,65,74,79,61,64,66,74,81,93,99,105,114,132,110,88,99,108,114,109,103,120,112,126,142,147,155,171,152,148,142,166,162,159,148,139,136,165,181,168,158,162,137,166,176,181,215,169,186,163,136,141,149,134,136,138,145,154,169,154,153,154,152,156,158,150,137,141,157,153,146,143,146,130,112,125,128,106,118,179,238,231,248,224,184,168,151,153,140,151,162,182,241,203,262,271,272,290,294,306,289,320,357,393,289,208,211,188,173,166,166,194,204,184,164,160,162,164,187,181,180,184,180,185,178,193,214,247,237,238,224,210,221,242,326,397,288,325,450,428,302,297,427,330,313,322,336,367,373,374,362,354,344,334,334,345,340,358,348,350,341,349,366,366,373,387,390,380,332,317,294,329,328,322,316,312,305,302,295,300,299,289,297,298,326,313,301,322,312,290,293,284,298,291
99,100,96,103,85,90,89,83,70,82,71,67,61,64,95,101,113,105,96,111,86,90,92,90,97,94,93,86,88,82,89,83,87,96,85,85,83,83,85,89,90,99,109,106,106,103,94,103,92,107,107,91,95,91,82,73,75,81,86,88,83,82,77,69,67,69,64,61,67,73,82,96,109,108,122,127,106,87,116,124,123,116,125,141,132,131,132,143,149,165,155,154,151,157,161,165,145,130,144,156,158,162,146,147,142,165,187,184,189,198,191,183,180,172,166,140,130,133,127,145,165,148,145,138,145,149,142,141,134,130,143,148,144,123,118,102,133,102,104,138,199,222,273,232,203,165,136,151,160,147,169,174,169,212,279,270,211,249,308,274,290,302,324,367,391,279,223,189,176,178,169,175,218,223,194,170,165,171,166,167,180,213,202,175,170,176,201,198,206,218,230,208,223,206,246,387,368,276,326,435,355,341,294,275,307,309,306,346,338,340,350,366,371,363,361,346,319,334,330,330,336,338,354,361,366,387,372,365,373,377,360,330,300,313,337,337,341,323,294,296,295,290,297,290,295,310,323,301,308,305,318,295,270,273,269,274
93,87,90,81,79,82,75,72,62,70,65,61,61,64,82,88,98,90,83,82,83,80,77,80,81,80,77,77,77,75,78,80,81,82,84,82,88,95,108,103,97,98,112,106,103,102,108,92,83,96,93,93,88,91,83,79,71,79,85,84,80,77,76,68,79,65,69,61,67,67,85,97,106,119,123,119,92,88,112,119,118,128,127,139,129,132,146,143,127,149,116,113,146,156,161,164,142,133,131,142,164,169,140,131,145,157,169,167,179,171,205,198,213,173,171,151,137,117,117,127,148,131,143,121,135,133,130,126,128,129,135,128,145,131,123,140,163,138,117,197,233,247,236,193,160,160,124,149,145,161,161,172,183,248,284,253,254,284,262,280,307,350,374,401,279,236,191,178,174,173,171,211,205,185,181,194,176,189,169,193,191,179,178,168,162,194,193,187,187,198,212,209,193,238,377,352,257,266,370,338,310,313,314,302,322,316,312,335,334,342,362,359,350,358,346,327,351,365,352,345,338,368,380,363,358,358,362,360,388,388,380,339,317,320,332,322,316,305,300,288,296,300,289,288,291,313,314,306,287,282,295,269,266,274,289,295
75,81,86,74,61,59,60,59,58,57,62,61,61,61,61,61,74,66,67,62,63,67,68,71,73,70,71,75,75,75,75,76,91,100,97,115,120,132,127,126,114,113,111,102,93,93,99,94,84,81,86,84,84,89,93,90,73,73,85,85,85,79,74,67,74,72,62,62,65,66,73,97,105,112,111,110,80,91,121,109,112,112,123,109,125,135,140,144,131,118,129,144,157,175,158,162,150,126,145,153,170,171,138,122,152,161,158,162,176,186,178,190,191,189,160,144,134,110,126,113,154,130,120,114,113,119,125,126,134,120,120,116,131,128,127,157,143,143,183,225,249,222,177,136,136,168,153,143,163,151,156,156,206,274,269,265,292,269,282,350,360,398,406,268,213,193,189,182,174,182,195,200,193,201,208,222,197,248,199,156,162,178,189,162,169,182,173,175,180,200,192,200,201,251,428,289,274,333,274,273,307,334,360,376,323,334,324,340,331,357,355,337,349,338,331,325,339,359,366,356,354,355,377,379,356,371,383,372,376,387,370,347,333,332,319,316,318,309,295,292,286,291,284,284,280,301,309,305,295,273,263,248,247,261,267,279
78,68,71,64,51,50,52,53,58,64,65,70,70,65,68,63,66,71,63,63,66,63,69,68,68,70,76,72,84,87,81,78,80,91,103,109,100,111,115,131,144,136,108,104,100,97,84,86,88,86,80,75,82,81,91,90,80,73,79,81,91,93,91,82,72,68,65,61,60,64,72,102,100,106,112,112,76,88,96,116,107,105,117,113,122,127,123,136,127,134,136,141,164,187,150,152,147,121,152,158,154,155,126,139,173,189,196,202,186,169,184,203,181,190,184,158,138,128,123,106,131,131,121,119,100,105,124,127,121,146,117,111,112,104,127,138,136,193,230,226,215,169,142,151,127,163,137,157,150,165,172,182,238,249,262,339,324,318,310,270,242,253,243,216,200,193,182,182,179,184,198,207,225,260,217,195,199,182,201,197,185,180,182,172,169,169,172,171,184,179,179,199,205,239,362,301,285,270,255,315,324,368,378,377,366,358,336,332,340,344,349,323,336,333,325,337,346,351,371,383,370,364,376,382,373,370,383,368,372,360,350,348,341,335,328,320,309,304,306,301,290,298,296,292,279,296,318,314,300,255,245,260,278,268,269,269
58,62,50,54,56,60,62,74,59,64,85,96,91,81,91,74,90,87,73,78,73,74,71,67,91,85,86,75,83,100,97,81,84,86,90,93,97,108,109,128,143,140,113,105,94,90,97,100,114,110,99,78,74,71,85,85,80,70,71,82,91,92,91,89,88,77,62,61,63,61,70,97,95,92,109,104,77,89,117,120,114,103,101,103,117,127,116,111,126,131,143,141,166,184,140,154,139,129,157,153,151,131,124,155,181,182,188,200,169,160,189,204,195,182,186,154,171,179,144,118,124,143,151,135,131,96,110,111,106,107,122,119,122,123,127,129,132,218,216,189,167,150,163,154,142,147,136,143,164,173,173,186,221,235,297,347,316,279,261,241,254,252,239,209,197,191,214,202,203,194,197,215,228,220,220,205,218,229,202,170,175,166,160,165,164,158,169,186,190,196,211,206,215,249,366,297,273,233,282,356,391,386,386,404,377,357,333,321,326,328,343,321,320,315,309,309,326,347,364,401,397,370,359,385,394,372,383,379,371,342,333,317,326,316,313,313,306,319,305,293,313,336,319,303,280,293,318,319,261,243,257,271,264,282,292,293
53,56,59,69,64,90,86,92,73,57,91,94,94,97,93,85,88,94,77,93,96,86,74,72,89,91,100,94,91,83,97,105,113,109,90,90,95,108,117,128,128,124,115,106,110,100,100,108,113,122,120,95,81,71,74,78,77,73,72,80,88,92,89,88,87,88,85,70,58,63,68,80,89,103,103,94,73,93,114,126,99,95,95,102,114,116,109,120,131,153,141,131,152,180,137,139,135,127,156,144,137,118,166,184,175,180,185,178,176,172,174,201,205,205,188,155,157,160,162,121,124,132,138,149,137,121,142,114,106,113,114,146,144,169,131,151,186,204,176,125,125,152,130,137,126,141,158,163,158,178,191,196,224,281,326,354,302,338,307,268,226,250,247,204,187,233,238,208,216,204,241,223,242,227,232,217,220,224,189,156,162,166,171,179,194,165,166,182,195,198,210,225,220,296,349,290,253,239,331,426,398,378,378,415,368,342,339,323,309,338,341,320,306,310,322,331,322,326,358,402,403,372,359,374,388,380,375,359,350,355,361,343,323,323,310,309,316,302,307,322,342,325,298,297,288,294,321,281,242,262,268,288,280,291,295,293
64,71,78,89,78,78,95,101,74,64,74,97,100,105,107,86,89,102,93,103,100,89,75,73,74,87,99,112,96,91,87,103,116,123,106,98,103,95,104,109,119,129,112,105,105,96,93,99,103,115,121,121,98,74,72,72,71,66,71,78,84,90,86,86,80,85,92,82,58,61,67,76,81,91,103,83,74,104,122,112,97,107,94,107,128,94,96,111,135,137,128,141,151,150,144,148,125,120,155,132,115,112,146,171,170,172,169,165,168,158,179,196,178,181,181,181,178,142,171,128,113,125,136,134,147,135,140,119,108,103,140,147,139,151,147,155,160,163,137,141,107,122,145,164,129,139,149,147,167,161,181,228,260,302,305,295,303,354,345,257,276,276,240,228,195,202,214,218,226,226,237,222,212,190,207,175,171,181,157,159,182,170,182,199,194,184,217,199,216,212,225,227,246,312,389,316,219,229,347,388,366,366,406,377,339,321,316,324,310,334,325,314,303,328,346,351,355,340,374,375,402,387,376,386,405,381,347,356,344,339,351,333,326,319,315,311,325,322,337,348,335,329,317,295,287,317,285,246,264,276,279,293,304,300,306,310
72,72,74,78,86,96,105,91,79,71,69,81,98,103,96,102,90,97,106,108,100,96,81,87,74,79,97,103,104,107,96,99,107,121,113,113,119,104,107,116,138,144,113,100,107,100,93,93,96,108,119,116,105,85,79,77,75,70,70,77,84,88,82,79,79,85,95,94,58,63,64,68,72,87,88,71,84,105,131,119,90,95,95,106,99,89,107,108,129,128,128,140,126,132,150,131,125,126,145,125,106,128,155,154,167,161,168,168,153,165,182,193,168,132,139,184,182,143,145,129,116,113,117,114,145,142,154,132,146,103,125,122,129,132,157,152,146,130,127,119,132,149,125,168,153,130,141,152,160,180,183,231,233,320,301,314,308,363,293,280,286,273,260,214,203,218,226,230,243,243,220,191,202,184,174,155,158,157,153,155,176,176,183,183,205,202,194,198,215,218,226,234,265,373,442,271,215,231,306,325,339,375,399,347,315,308,314,329,325,309,301,315,298,317,341,358,367,373,373,376,407,413,414,406,371,354,348,332,333,330,338,341,332,355,359,342,348,358,351,339,323,323,316,312,294,272,242,247,256,262,274,288,300,310,318,298
97,101,76,83,94,99,98,87,94,75,65,78,101,87,103,95,108,100,101,117,136,108,91,91,93,84,79,85,99,110,123,128,118,120,135,121,123,112,127,138,121,146,112,103,96,98,87,85,91,106,109,105,110,100,81,76,73,67,73,74,80,85,75,80,73,77,84,89,60,58,62,66,74,76,70,71,92,111,125,116,89,89,101,106,85,101,124,122,114,106,126,127,150,164,167,121,109,133,138,109,115,143,148,154,161,156,147,155,158,154,163,192,195,179,112,143,160,176,130,120,119,113,110,115,149,156,159,155,148,119,110,120,112,119,156,131,117,115,125,146,165,175,158,169,189,157,164,168,162,175,198,241,243,279,343,316,325,353,289,280,249,235,251,224,233,225,227,240,216,220,190,180,205,183,178,152,151,161,164,160,172,164,166,191,202,207,211,216,220,232,260,243,276,358,393,235,226,259,295,306,369,407,386,336,307,299,319,350,339,317,306,313,325,323,322,350,365,394,400,394,411,408,394,386,375,340,332,329,333,352,374,356,343,340,341,350,339,347,339,325,306,297,310,309,277,244,248,271,275,269,263,291,309,313,310,301
96,93,99,89,102,105,100,99,101,94,78,69,70,75,93,103,95,93,102,113,122,119,110,97,102,110,97,88,87,99,119,128,136,115,131,134,138,124,132,156,136,141,109,102,96,89,89,82,85,93,99,114,100,94,84,73,69,69,72,79,76,87,81,74,72,69,79,82,61,58,65,64,64,64,68,76,100,111,116,97,83,92,86,89,93,99,134,127,127,123,117,125,144,144,135,108,113,130,127,105,122,138,149,153,162,145,142,132,145,161,180,184,182,161,174,140,116,136,128,138,136,105,115,112,158,150,149,179,128,131,135,116,107,130,142,122,110,124,138,159,162,164,181,172,195,189,173,192,168,197,207,211,239,308,302,310,343,289,272,255,246,265,272,241,226,248,245,221,211,189,178,177,167,153,161,158,162,162,166,170,216,188,183,214,224,232,224,220,230,242,289,293,285,422,392,231,211,245,336,328,368,342,323,305,290,308,343,343,316,298,299,322,345,341,342,327,352,364,386,393,401,406,370,370,358,337,333,323,345,371,373,348,325,341,343,328,343,358,351,332,304,289,296,286,249,247,271,282,295,289,279,284,292,317,307,289
100,94,100,89,102,107,108,108,109,102,92,74,76,71,78,82,82,80,101,101,108,116,127,116,118,115,105,94,101,92,111,109,126,140,144,143,154,137,131,155,153,129,109,97,93,93,82,78,84,90,93,98,95,93,86,81,73,66,64,74,82,86,82,73,67,68,75,76,58,59,62,60,65,71,73,90,102,108,105,90,88,95,80,95,101,126,131,126,128,130,127,133,141,134,105,106,132,136,112,110,112,127,144,158,156,141,145,124,136,171,169,191,195,196,187,171,158,144,106,118,146,140,140,124,136,155,164,168,130,127,113,115,117,143,127,107,114,136,129,146,168,182,190,191,189,175,178,199,199,251,217,232,251,279,320,288,314,259,286,247,250,240,251,234,234,245,253,207,173,162,161,161,163,156,154,157,175,172,171,177,241,224,211,237,231,244,243,236,245,241,319,341,399,460,387,227,212,262,359,365,339,326,314,311,297,321,343,328,296,296,305,316,343,372,388,375,378,363,379,374,394,381,370,358,346,337,320,320,330,347,343,336,318,331,321,316,339,326,318,301,299,285,276,241,243,253,249,269,283,286,286,296,306,308,280,281
70,74,79,79,89,94,120,114,120,117,85,74,71,87,102,85,81,81,85,87,92,98,103,110,130,143,115,119,114,107,101,115,152,150,162,153,148,154,155,145,153,127,104,95,89,88,81,72,74,78,76,81,88,84,83,88,79,71,64,69,79,83,77,82,69,61,69,75,61,58,57,60,67,74,84,101,106,101,99,87,81,80,95,116,123,101,117,114,133,138,137,132,132,102,114,150,153,135,107,108,146,149,147,153,159,151,119,129,147,143,162,166,183,197,211,177,153,139,156,143,121,143,140,167,136,157,138,126,108,130,108,123,129,138,110,108,108,147,121,173,180,170,166,177,186,194,203,164,225,229,247,244,282,323,277,272,266,235,255,214,223,239,239,230,254,275,244,222,179,168,161,160,156,157,151,181,177,170,194,209,221,239,245,250,234,228,227,239,228,226,276,367,418,367,261,210,224,234,315,350,300,308,299,290,299,320,324,299,280,299,318,323,357,397,426,399,379,385,364,361,372,360,359,360,334,331,314,325,328,340,337,327,318,308,306,302,322,306,286,295,304,269,242,237,248,254,258,266,279,279,276,294,312,309,301,283
92,98,88,89,93,89,105,113,114,98,95,84,82,81,111,112,107,103,96,112,109,108,113,120,137,133,126,134,128,131,121,115,145,148,152,151,142,143,159,142,145,139,114,102,95,92,89,80,76,80,77,74,74,81,86,79,78,65,62,70,76,80,75,77,69,59,63,69,59,61,59,64,74,82,90,97,100,88,101,75,83,90,110,102,114,103,106,112,120,128,123,112,127,102,124,143,160,125,104,110,150,143,135,131,155,152,129,124,141,139,181,161,193,211,200,178,175,175,167,131,133,123,110,128,108,127,115,95,129,172,148,133,120,122,116,137,146,167,153,138,166,165,173,178,174,197,192,209,214,235,254,254,284,309,248,248,255,259,232,221,229,234,226,236,305,230,214,192,181,173,167,164,179,168,175,171,173,179,175,183,194,223,242,240,228,205,240,272,303,244,290,265,255,243,216,204,221,247,337,305,287,308,295,281,301,297,307,297,293,319,333,365,381,408,406,366,383,376,346,360,359,352,341,350,328,319,334,339,352,351,347,337,336,321,314,308,298,283,266,278,248,249,249,271,250,271,275,273,286,273,282,282,316,309,298,292
103,107,94,99,106,89,104,107,113,105,115,100,100,82,90,89,97,107,98,110,121,123,110,121,150,156,134,133,146,151,149,152,141,139,146,151,141,133,150,138,142,142,125,106,100,101,90,96,87,88,81,76,74,76,79,76,72,68,60,75,72,77,73,75,70,63,57,62,57,57,60,62,73,74,79,81,84,89,87,71,99,106,99,102,94,94,101,102,119,116,129,137,104,114,112,131,143,125,112,94,126,138,135,142,152,137,128,118,142,137,164,173,180,201,193,176,152,158,165,133,126,117,119,126,117,101,134,119,143,159,133,135,103,127,121,133,130,172,175,136,139,148,196,174,179,177,190,208,202,234,246,239,296,278,222,231,221,241,211,223,232,216,241,262,270,206,207,176,174,190,181,175,170,151,151,159,160,168,179,189,192,209,217,205,211,204,310,443,338,221,223,214,209,213,204,224,268,305,313,286,283,294,277,286,279,278,298,294,301,308,353,388,414,404,367,355,358,356,348,370,334,329,335,332,321,321,328,355,359,351,357,352,359,339,327,298,270,270,241,240,260,273,281,272,255,262,277,293,283,296,309,312,304,298,287,296
103,103,101,105,111,109,104,121,124,131,111,111,111,85,94,90,111,117,122,113,128,135,137,143,143,153,163,140,156,139,160,153,147,132,136,149,146,136,140,134,138,145,136,109,100,96,93,93,88,89,91,95,76,68,69,76,71,70,60,64,69,72,73,67,68,67,72,78,64,63,61,62,62,66,72,74,83,72,68,80,93,89,85,90,109,109,113,97,109,112,112,118,104,119,148,130,169,159,124,95,116,131,119,145,150,150,137,128,136,152,139,163,183,179,180,184,153,152,161,133,135,130,139,141,140,107,126,129,139,147,110,134,146,115,152,163,159,175,180,178,165,143,171,153,200,184,195,189,209,230,226,280,273,238,235,256,214,196,205,220,228,224,282,325,209,223,227,183,175,187,172,160,157,144,145,149,157,182,195,197,178,185,186,188,194,218,298,281,236,202,188,193,195,208,231,274,312,315,303,284,260,281,317,293,296,299,288,289,310,325,365,389,380,382,360,340,339,336,350,353,342,319,320,317,311,331,340,368,349,344,374,373,370,339,326,313,275,252,244,260,257,263,284,270,258,269,273,303,305,305,304,311,303,300,279,293
89,105,122,115,117,115,123,120,126,135,133,134,108,92,99,98,102,125,133,129,131,134,151,143,157,139,148,135,143,127,148,144,142,127,132,146,144,137,129,132,142,146,143,109,100,94,86,83,85,80,79,82,80,74,68,71,65,69,59,62,62,64,73,69,70,63,74,70,56,52,61,67,63,61,67,68,69,67,81,94,99,99,93,95,95,97,102,96,99,99,94,94,125,146,148,165,153,130,132,103,100,125,113,145,150,134,130,117,132,158,121,144,157,181,188,176,159,145,141,173,150,122,154,161,163,138,116,120,124,125,108,106,110,113,174,150,176,180,188,201,212,196,183,171,195,185,166,204,224,226,246,281,252,229,226,227,209,216,230,212,224,240,238,201,223,196,194,164,191,179,161,145,145,147,154,165,170,177,174,174,169,173,182,197,199,195,190,189,183,187,196,205,195,229,264,282,314,308,304,280,278,297,308,308,317,316,310,326,296,335,365,362,354,372,342,331,320,326,341,342,322,322,313,317,328,330,344,364,334,347,356,367,345,326,306,273,244,248,253,256,266,268,276,279,286,288,301,295,306,297,289,297,293,300,287,274
101,102,121,108,102,111,122,119,119,122,139,134,108,95,106,117,131,122,140,126,136,136,142,134,150,143,135,142,129,139,155,142,133,127,138,140,133,137,123,125,145,150,137,116,104,97,88,79,78,72,75,72,71,71,67,71,71,68,55,64,62,59,62,64,65,61,66,60,60,52,62,72,62,60,61,62,61,75,76,80,79,89,76,75,75,77,80,84,92,95,110,113,144,135,132,171,166,135,124,110,91,103,106,128,168,131,140,109,116,123,126,141,136,170,188,182,169,143,137,168,149,169,171,139,151,127,119,106,119,120,112,115,118,153,160,175,148,166,183,198,200,193,195,196,199,187,174,210,204,227,298,261,249,234,201,201,214,222,218,230,257,215,185,217,230,203,172,166,191,170,150,146,147,154,161,162,160,181,165,161,164,174,187,180,180,188,187,192,187,202,218,224,265,237,269,312,301,287,293,288,267,263,284,286,308,340,342,331,322,328,353,341,333,356,323,327,319,329,352,323,310,314,322,321,326,341,377,361,325,323,333,341,331,320,284,238,241,260,267,266,265,282,290,300,308,306,307,309,300,283,273,288,284,277,281,265
95,100,106,98,88,110,95,109,99,114,126,146,120,109,138,124,139,156,136,127,125,143,128,128,143,155,125,128,134,147,130,138,131,121,135,126,128,124,121,133,138,134,149,122,108,107,94,91,86,92,87,86,79,66,72,87,80,72,69,62,57,62,61,61,63,55,56,50,54,53,69,85,90,65,59,61,62,66,75,79,85,94,100,94,104,106,105,110,105,109,110,119,126,130,150,164,149,136,117,124,94,95,116,140,158,135,130,126,120,106,130,122,156,165,178,183,156,147,130,169,162,162,150,123,128,109,107,103,105,116,141,124,107,134,159,187,209,202,180,180,176,178,190,186,187,177,184,188,205,257,240,275,258,207,192,194,211,199,228,294,249,202,206,212,184,165,182,179,171,153,151,171,162,144,171,155,160,167,157,153,158,160,159,186,190,184,198,215,220,224,270,285,289,267,317,296,293,289,266,261,263,280,304,323,335,376,443,389,361,340,345,320,317,337,304,315,333,324,341,339,303,328,315,318,339,356,370,356,323,308,318,324,307,286,251,229,255,258,260,277,272,287,293,300,298,305,315,298,294,285,270,283,281,279,286,267
79,70,83,80,85,90,93,91,97,116,114,131,132,128,138,139,144,141,130,131,116,132,121,122,142,152,137,118,143,142,125,129,124,118,118,113,119,122,125,125,133,136,151,123,104,99,96,90,86,86,83,77,70,67,100,124,99,85,72,71,72,70,66,60,55,57,63,64,58,49,58,65,80,57,60,64,69,81,94,91,108,112,109,108,117,106,113,111,126,126,134,136,125,127,142,146,149,143,114,111,88,100,141,128,130,133,130,130,135,131,121,138,148,170,160,176,169,174,120,158,137,151,141,128,106,108,109,107,127,132,152,130,166,166,185,204,217,205,181,193,179,170,173,174,189,192,188,215,253,239,262,272,221,201,213,224,206,237,255,214,192,181,174,180,153,179,188,180,163,145,164,160,153,157,175,167,170,163,166,158,160,168,171,187,190,183,213,246,269,286,320,321,296,330,327,316,306,286,266,260,287,318,351,352,355,447,441,375,350,352,327,302,318,330,305,316,323,318,329,328,309,311,313,324,338,326,352,349,326,299,284,299,283,257,244,231,255,247,258,288,293,297,298,311,311,309,302,292,300,296,285,279,285,272,293,273
90,84,88,81,84,87,85,93,97,111,110,127,128,126,128,135,144,126,132,125,120,127,120,133,150,144,129,123,141,137,119,115,110,111,124,135,142,139,135,130,132,142,148,122,110,102,91,87,83,82,79,74,65,78,106,116,99,86,82,81,70,72,67,62,60,71,70,72,56,55,57,60,58,57,57,60,68,85,98,101,106,114,125,121,132,130,125,126,126,130,123,122,124,125,137,138,156,158,145,130,88,102,128,139,115,131,131,126,135,126,125,131,136,157,147,168,195,192,134,135,137,144,126,114,113,105,122,109,143,157,154,155,163,168,178,200,197,207,192,196,189,168,176,181,184,189,210,267,232,261,250,204,176,201,225,206,252,249,206,201,217,186,161,159,174,166,181,163,144,144,149,150,166,178,162,179,180,186,184,175,167,164,164,191,192,223,241,300,302,299,330,412,347,371,314,346,311,295,266,270,313,332,361,385,395,406,411,367,345,340,323,299,315,322,300,317,316,306,308,311,304,306,319,335,340,310,327,324,335,314,286,276,250,252,245,233,235,241,270,276,281,300,308,301,303,292,290,286,289,292,297,275,271,263,270,263
100,97,105,96,105,103,94,104,101,124,130,137,119,122,123,137,131,129,123,121,112,125,122,128,142,128,129,117,126,113,111,117,119,132,137,145,145,154,151,141,146,151,159,132,109,102,93,90,93,80,77,75,78,100,101,102,99,89,85,84,77,73,62,63,76,81,74,67,55,54,52,57,54,55,63,67,77,89,91,83,97,119,120,106,127,133,123,113,121,116,110,112,118,116,122,121,127,148,104,115,88,93,127,134,110,118,117,122,123,106,113,130,137,144,138,154,171,184,171,129,138,137,108,113,123,128,125,115,110,115,134,132,149,154,153,176,192,206,217,193,179,190,176,177,188,228,252,234,251,240,185,186,192,210,206,276,238,218,218,244,228,154,151,163,165,171,169,150,146,161,147,165,176,196,167,175,182,205,220,219,172,166,172,190,192,244,277,286,285,335,515,454,364,341,354,327,304,283,271,294,330,361,371,371,379,373,335,353,332,328,307,281,298,301,295,299,294,322,326,314,305,323,323,348,342,319,290,297,318,310,284,265,252,239,227,246,255,252,263,274,284,301,315,298,291,283,301,289,277,274,289,286,257,264,259,258
90,90,104,105,109,111,108,99,112,122,133,132,119,124,139,132,130,120,120,118,109,125,114,127,132,127,123,116,111,107,119,127,123,124,128,135,145,140,141,144,154,146,133,124,111,100,94,88,86,78,77,82,84,98,101,89,84,82,87,78,75,68,61,68,77,76,71,70,65,52,53,53,52,55,64,73,88,94,106,108,97,100,107,102,121,117,117,113,114,103,125,138,108,115,127,115,139,143,118,112,95,89,138,130,115,132,107,104,106,103,102,130,154,157,143,129,168,170,199,154,136,121,123,102,141,147,141,119,139,138,121,119,154,160,164,179,186,196,201,173,194,169,176,201,246,237,229,271,251,192,174,195,197,183,261,252,230,224,181,163,163,166,161,146,145,155,165,156,151,164,155,182,187,188,174,185,196,244,197,179,166,197,205,182,216,244,289,319,317,374,540,473,351,362,350,299,276,298,303,299,305,340,355,350,368,383,354,316,319,322,298,289,311,299,307,324,317,328,345,322,303,317,338,333,320,315,289,261,300,271,253,256,233,232,244,249,248,254,267,261,279,294,310,304,283,286,294,301,284,275,274,280,284,261,254,258
94,89,87,103,115,121,117,108,132,123,121,119,112,125,122,127,121,110,120,119,106,120,119,124,118,117,119,110,107,113,112,115,120,114,114,131,130,133,133,140,146,149,142,114,104,102,91,87,81,79,88,89,93,105,112,104,97,83,76,75,69,67,65,73,79,74,74,65,62,54,51,50,53,56,63,83,92,95,106,111,113,117,96,115,123,100,102,106,115,100,104,108,103,97,118,135,143,156,131,126,88,85,129,130,96,111,96,96,101,101,99,144,135,144,141,129,131,125,166,152,105,132,153,149,134,163,157,140,135,134,125,120,133,153,173,181,192,183,164,178,164,168,207,224,222,229,285,253,210,183,182,175,180,202,260,250,268,176,170,151,151,172,175,159,145,150,168,147,164,167,160,171,174,180,222,240,215,207,192,183,172,202,199,205,205,220,258,300,339,368,562,459,321,338,311,289,296,296,276,271,304,336,363,339,340,352,348,320,303,306,289,301,322,326,330,346,323,332,352,323,323,354,350,329,308,319,288,248,259,247,268,247,242,247,244,256,250,262,268,276,284,299,294,298,280,292,294,293,282,268,265,270,280,276,263,252
116,107,99,106,109,121,138,126,132,122,114,112,123,126,115,118,108,131,110,115,101,105,110,104,107,109,105,114,117,140,132,116,125,127,129,129,122,132,125,132,136,153,137,126,113,111,107,100,95,92,98,94,98,104,108,114,103,95,79,76,68,65,81,75,77,73,76,59,66,57,51,50,51,58,65,76,93,97,103,105,115,122,110,126,127,102,99,110,102,111,99,90,93,109,118,126,131,151,152,110,95,81,112,105,104,111,91,103,113,114,88,121,127,155,153,176,169,167,118,111,159,146,179,172,144,131,160,138,118,148,142,127,122,143,146,169,195,158,165,160,171,221,228,204,239,271,225,213,208,164,174,198,188,273,276,351,221,215,202,210,161,182,187,162,148,144,163,146,164,155,150,161,167,208,265,197,176,182,195,187,182,199,205,211,231,276,252,304,357,393,547,360,307,304,313,328,318,301,278,264,293,323,348,327,310,336,326,287,293,283,279,293,314,320,354,385,341,355,351,352,354,365,337,301,289,284,244,223,228,245,253,243,251,263,263,280,272,275,282,296,298,296,285,296,274,290,288,286,297,286,263,266,286,270,262,250
113,120,110,106,94,118,124,121,121,124,127,105,126,128,117,109,105,121,105,103,102,98,101,108,111,113,112,130,118,135,150,134,119,128,137,150,164,140,145,141,157,143,133,122,116,112,112,104,96,96,96,96,96,97,103,103,106,90,86,79,70,71,80,75,78,68,70,63,62,61,54,49,51,56,63,75,81,88,98,109,112,118,113,117,104,100,93,86,108,103,98,95,92,115,118,111,130,129,159,132,97,79,101,99,118,110,112,86,103,94,100,120,126,139,162,174,177,168,118,140,148,138,150,170,178,171,190,156,130,153,159,180,163,140,162,187,209,148,150,165,210,205,227,257,260,210,185,190,168,159,197,192,259,270,335,229,266,304,219,186,182,179,164,165,149,130,134,159,159,169,165,167,258,217,166,168,167,190,205,221,201,210,223,236,256,291,295,336,397,542,454,319,338,355,344,342,317,310,298,279,292,304,314,302,321,321,294,291,279,273,288,312,333,328,356,376,354,341,323,318,334,353,331,316,285,250,220,239,252,244,249,254,239,247,260,256,269,290,301,295,295,284,278,279,272,275,271,285,289,280,263,267,283,272,263,246
97,110,117,125,104,126,131,123,112,112,115,100,122,120,115,102,104,104,99,106,121,112,106,118,118,128,125,135,127,124,148,146,144,137,136,143,170,163,155,152,158,154,136,124,106,109,107,102,94,93,92,92,90,97,101,96,100,85,78,77,71,77,78,78,80,75,69,61,57,56,56,49,46,53,58,68,77,78,90,98,100,111,102,105,110,92,80,86,109,103,89,89,101,120,120,111,133,116,128,137,101,78,106,112,122,104,114,115,91,97,86,102,119,129,140,167,172,159,120,128,127,136,153,148,176,174,173,172,155,139,198,198,161,135,148,179,172,144,154,198,194,225,216,296,219,189,166,159,167,181,204,223,268,294,265,259,284,205,174,179,198,196,150,154,136,136,139,151,156,168,172,188,262,192,161,168,172,185,204,215,213,225,247,289,305,326,350,402,415,560,357,324,377,345,324,324,336,328,313,281,272,282,310,297,302,300,283,269,266,284,312,312,337,346,361,360,352,325,317,301,314,320,313,295,270,237,230,252,269,257,246,262,248,257,267,266,271,281,288,278,282,287,283,269,269,274,267,276,282,279,256,263,282,285,266,254
113,108,134,128,122,104,132,145,121,129,113,101,122,114,117,104,103,98,110,102,113,128,124,113,120,120,133,143,136,122,135,158,145,131,149,160,173,186,160,140,135,131,132,119,113,112,102,99,98,98,96,86,90,92,98,104,91,99,101,83,79,82,83,86,72,68,68,55,54,56,55,48,47,53,54,65,70,77,83,87,94,80,97,100,105,90,78,104,108,102,80,75,107,115,114,109,119,125,110,105,104,76,103,117,125,128,115,111,89,77,91,111,138,153,154,156,175,129,128,168,172,182,134,128,147,169,167,160,177,151,177,183,147,148,139,142,146,167,164,184,198,227,202,258,175,176,150,162,168,196,211,263,258,273,251,282,184,172,165,182,183,172,146,134,129,137,135,166,161,174,165,197,171,156,155,175,179,197,196,214,220,260,265,289,337,355,452,347,331,409,344,375,361,339,323,315,319,331,315,302,298,285,315,285,273,280,271,272,291,300,322,333,344,386,389,371,369,342,320,301,297,280,302,250,229,221,251,269,277,264,254,257,265,275,262,279,290,276,289,276,274,285,284,275,255,262,259,262,269,253,250,265,275,276,260,247
105,110,125,137,139,132,136,123,116,112,108,97,115,109,108,92,99,121,125,122,107,123,129,119,126,127,150,142,132,127,140,149,154,141,155,169,176,184,161,139,133,116,120,132,116,108,100,98,93,98,101,92,82,86,88,97,102,104,108,100,87,81,83,74,73,72,61,66,65,59,58,59,52,47,52,55,62,66,80,76,81,95,103,96,90,77,89,108,109,97,74,69,102,103,112,102,111,122,131,127,96,78,98,141,132,132,129,105,92,76,86,98,127,139,144,140,168,115,142,132,187,194,171,139,162,177,187,175,193,151,166,159,145,165,171,161,168,176,184,171,185,208,219,195,153,143,153,190,176,198,242,252,230,229,190,184,180,157,165,170,171,159,153,142,134,132,134,157,172,163,148,165,149,169,181,197,203,183,226,219,226,252,274,307,348,397,332,312,313,363,381,383,340,328,331,309,295,300,298,299,294,292,317,285,257,266,278,277,292,318,330,354,366,413,386,347,344,333,322,311,296,268,260,236,233,236,258,247,270,271,258,262,260,264,257,279,298,291,288,272,270,277,282,274,269,254,249,245,262,253,254,261,275,269,263,251
105,122,124,118,133,137,124,116,121,115,105,104,100,110,98,95,112,118,134,136,112,109,114,121,130,134,141,138,148,132,135,144,162,168,169,178,180,175,180,149,141,109,106,114,120,112,102,101,88,97,101,92,82,79,83,91,96,89,95,96,95,90,84,72,71,65,75,75,72,69,64,57,52,51,54,50,57,65,90,85,98,90,82,70,71,90,106,97,91,82,78,76,107,94,90,97,97,124,126,111,98,79,101,130,115,136,113,116,101,97,78,95,115,145,141,140,138,94,101,148,174,194,178,140,148,185,177,186,194,168,155,176,150,159,183,161,160,176,175,166,179,187,201,172,148,156,176,185,193,239,280,200,195,175,169,179,156,151,162,165,158,143,148,139,131,132,132,146,160,143,143,151,164,166,179,193,210,224,240,245,292,289,303,374,356,298,330,346,360,359,375,352,322,315,312,318,327,313,286,278,284,290,266,258,261,286,284,303,290,303,324,355,399,429,393,349,318,320,318,312,288,261,237,234,226,242,254,252,265,253,246,253,261,251,268,274,296,298,291,265,260,264,273,284,274,259,248,247,249,251,257,273,274,264,256,242
107,107,112,118,136,130,129,112,114,118,114,116,96,98,96,93,109,120,125,126,114,117,114,112,118,137,129,138,149,140,144,146,163,163,166,171,171,173,168,144,125,116,128,108,98,97,105,104,95,91,94,95,90,77,78,84,88,84,89,93,89,84,90,80,74,76,80,72,75,69,67,67,60,53,46,51,50,63,84,91,80,71,86,97,95,114,113,94,87,73,96,105,108,85,87,93,96,115,112,118,94,77,100,96,107,136,100,103,114,107,118,89,95,131,147,121,143,98,117,152,168,191,174,177,165,138,164,172,171,166,181,168,156,180,198,175,164,167,156,171,178,200,149,141,160,170,155,177,277,262,221,209,174,157,162,160,160,160,147,154,152,136,141,138,134,131,139,151,143,160,151,165,160,163,183,182,245,258,281,272,306,340,363,310,313,334,384,388,403,385,346,323,325,315,304,311,294,294,295,286,262,259,250,270,273,271,292,322,325,325,335,355,401,404,390,350,323,314,285,292,279,248,230,239,222,250,248,267,268,242,249,248,228,257,257,278,296,295,289,271,256,262,273,284,270,265,259,248,245,247,257,263,263,252,246,231
92,98,110,120,127,139,127,116,102,105,117,118,97,95,90,114,121,126,144,132,124,127,130,121,125,122,128,139,151,160,162,166,153,160,167,163,168,167,182,155,137,118,138,124,106,98,93,90,88,87,92,92,90,84,78,82,83,78,87,90,77,85,91,84,76,80,75,72,73,69,65,60,58,58,54,54,46,58,81,67,66,85,106,108,117,109,110,87,70,75,93,91,100,80,90,87,94,119,103,102,102,85,82,90,106,115,110,92,104,107,103,95,79,114,117,136,139,99,104,140,160,166,189,205,182,184,154,166,169,162,173,182,175,187,184,176,200,166,164,188,194,176,143,145,163,165,180,255,237,207,208,181,167,168,157,153,151,147,153,149,145,135,136,142,143,132,141,139,151,167,149,166,162,164,168,205,252,271,352,397,334,305,295,344,390,369,395,399,412,386,347,314,312,321,329,323,318,303,266,262,261,254,275,292,293,271,269,296,310,320,331,363,377,391,371,347,323,307,270,263,262,246,223,235,220,233,240,249,267,243,242,238,237,251,254,267,279,298,291,284,259,260,261,279,278,275,270,263,250,247,243,252,259,254,245,238
107,114,118,111,115,131,131,115,109,100,106,112,94,89,97,116,126,130,134,123,139,138,131,137,137,136,135,144,149,162,165,159,151,158,157,152,162,178,173,164,151,151,151,134,103,96,96,95,87,91,93,91,85,89,79,80,77,73,74,89,76,103,94,86,80,76,72,69,67,66,60,58,57,52,53,52,49,52,60,75,92,90,106,116,109,109,103,83,73,85,89,82,103,86,77,105,100,117,110,98,95,82,80,109,89,97,105,80,93,100,101,119,100,102,116,135,136,124,99,132,144,159,191,204,182,191,153,149,157,150,180,201,182,163,166,185,170,169,180,199,177,134,154,142,155,160,219,216,226,197,179,171,175,163,161,159,156,168,167,151,143,132,128,145,141,134,143,135,142,161,147,196,174,185,183,217,249,271,450,332,309,301,307,352,385,397,364,378,373,358,327,316,306,306,312,307,293,278,250,248,255,266,280,306,308,292,289,288,323,323,356,366,385,392,361,325,304,268,248,244,231,244,240,217,229,255,238,236,248,235,238,227,245,237,259,270,279,290,288,281,257,256,264,273,273,283,283,275,259,238,244,256,256,248,236,239
103,107,102,114,116,129,128,118,128,115,110,95,88,90,122,121,110,125,119,127,123,138,138,141,146,140,149,158,157,157,164,143,147,158,152,167,173,175,176,159,166,170,138,121,102,125,114,116,104,98,87,85,87,87,82,78,80,76,70,83,74,91,90,89,83,80,75,77,71,68,62,60,59,53,53,55,50,53,69,77,83,90,105,91,93,104,84,71,92,97,84,76,83,84,81,96,94,119,115,113,108,74,91,118,83,80,100,80,74,93,98,105,103,100,99,112,121,73,130,147,153,161,175,189,193,182,175,164,169,180,179,200,176,154,179,165,186,178,182,165,158,134,161,152,155,157,188,208,193,178,173,181,162,159,156,170,180,152,159,165,140,133,130,140,139,144,137,129,135,142,144,167,168,205,221,246,236,271,387,310,314,322,361,369,391,378,356,333,329,336,324,318,298,308,286,280,275,258,262,247,254,268,299,323,283,276,305,304,332,347,381,391,370,371,357,315,268,265,248,234,218,220,224,230,242,251,239,225,237,229,235,230,244,249,257,265,266,286,284,263,260,262,278,278,273,282,284,266,262,236,245,254,254,239,242,250
108,112,119,130,133,135,129,116,128,117,109,92,85,109,113,110,103,103,119,117,132,128,132,134,150,150,157,162,155,159,142,152,154,163,160,169,169,175,170,145,152,147,146,116,122,134,141,114,108,106,105,95,97,88,87,71,81,76,72,72,81,90,83,87,83,83,77,79,75,71,67,61,58,54,51,53,49,46,50,74,77,87,91,84,101,103,77,65,98,85,81,89,87,80,87,93,96,100,99,103,90,72,95,104,80,72,97,88,72,83,79,97,96,91,104,100,101,95,136,149,159,174,173,156,165,194,186,166,177,186,192,190,165,157,163,146,151,199,166,142,127,143,151,144,155,171,201,206,200,193,193,207,180,167,171,174,160,149,143,148,141,136,130,143,158,194,146,137,153,149,144,171,191,189,193,197,212,253,392,303,292,311,323,353,356,358,344,326,326,334,340,330,327,320,300,287,276,247,247,248,252,275,307,289,268,295,312,316,326,355,388,349,333,351,309,304,285,258,258,256,248,224,221,237,235,239,242,216,237,221,224,233,247,250,242,242,265,274,281,278,280,261,265,267,272,273,279,268,249,237,236,256,252,239,244,245
99,107,119,119,141,132,125,112,116,116,101,89,94,97,100,99,102,111,124,137,129,123,131,149,155,145,152,157,159,156,141,163,149,149,156,157,164,179,181,159,165,138,134,122,116,139,146,129,138,152,114,99,95,94,93,81,79,79,73,68,80,88,79,83,84,79,76,80,80,80,75,72,73,62,57,54,47,48,45,64,65,82,85,86,103,100,73,65,90,84,97,98,75,79,87,89,87,88,83,103,86,68,109,102,85,57,59,70,56,67,62,74,82,69,98,94,106,124,129,138,145,159,163,159,168,175,184,163,186,198,192,172,167,171,150,171,170,171,127,128,151,177,153,158,161,187,235,215,212,240,204,188,176,172,174,166,150,159,144,145,138,130,159,154,178,201,151,140,161,155,141,154,202,167,191,225,255,268,428,285,280,319,348,320,308,332,326,331,313,324,344,334,325,303,295,272,250,240,230,246,263,293,261,261,273,288,303,287,320,365,364,333,305,293,283,296,274,270,268,259,254,238,214,223,231,230,221,222,213,213,216,228,229,233,245,252,265,266,276,278,271,257,248,259,260,260,270,265,242,232,239,251,243,230,243,252
106,119,127,116,127,127,114,117,106,109,86,92,114,104,107,111,120,110,123,127,137,134,145,161,159,146,161,161,151,150,140,146,142,146,165,160,159,163,185,189,182,159,141,118,113,143,152,160,164,164,127,108,100,98,93,86,80,71,69,61,70,85,79,80,81,76,72,75,79,76,72,75,78,67,57,52,48,49,55,56,67,92,94,96,97,100,74,71,71,83,93,89,68,103,85,89,108,94,85,103,76,68,113,105,79,84,50,44,50,47,52,65,63,86,106,89,109,110,114,124,135,128,138,150,159,163,185,192,173,180,174,178,178,157,128,127,157,130,127,155,172,178,157,179,152,187,182,199,205,186,195,173,176,188,182,156,144,170,141,137,142,154,179,149,197,259,236,161,157,153,150,151,168,170,205,242,223,244,411,314,279,299,320,281,291,296,324,289,290,303,327,318,308,301,292,259,254,248,263,253,255,247,236,245,250,260,275,291,334,337,318,304,278,268,263,269,271,285,256,237,233,241,222,209,221,217,217,218,219,232,238,244,249,248,254,265,256,262,275,281,264,262,248,245,253,249,253,263,249,229,235,250,240,234,242,262
115,118,125,114,109,128,115,102,104,103,87,94,113,123,119,121,130,116,114,129,144,143,152,162,149,153,155,148,140,137,150,148,152,164,167,176,173,181,183,183,172,171,149,135,145,139,140,143,154,154,122,106,102,99,95,84,77,69,65,64,71,82,74,74,75,73,67,73,74,76,71,69,70,70,66,51,50,46,50,52,74,72,92,92,98,91,68,63,65,68,66,70,75,90,82,95,96,90,86,88,68,80,106,117,95,87,43,42,46,56,63,67,77,98,119,98,90,106,129,138,118,136,149,142,142,176,199,182,178,166,165,177,141,136,139,125,139,120,146,149,169,180,175,188,168,186,174,182,186,175,187,176,166,183,180,189,157,157,139,129,131,150,155,170,226,238,272,255,188,171,209,190,165,180,215,222,218,237,297,355,257,277,291,288,264,273,284,292,291,282,281,292,273,281,281,265,276,293,286,265,255,222,254,262,252,274,279,309,314,294,290,260,284,267,245,265,245,261,260,248,246,229,224,212,209,209,211,204,226,249,245,253,244,243,250,249,267,280,288,288,279,270,252,239,238,245,244,252,258,245,230,235,235,238,244,259
118,106,101,103,102,113,120,106,93,89,87,106,118,109,112,121,132,132,128,125,152,154,161,151,156,152,148,135,132,143,155,156,167,168,169,170,167,176,171,173,161,151,140,132,145,163,142,142,146,154,118,119,98,90,85,78,69,72,61,69,67,66,78,70,70,69,69,70,70,76,76,67,65,68,64,53,51,45,47,51,76,67,89,85,92,86,62,67,74,82,79,92,79,81,94,84,103,98,94,64,67,91,98,107,79,48,41,44,48,47,54,59,69,101,122,109,98,96,120,132,129,147,135,160,155,170,172,154,164,157,170,166,152,130,133,128,125,142,180,180,187,208,193,189,159,176,181,172,197,195,181,179,164,186,172,206,184,134,132,137,163,150,144,178,226,224,193,181,176,169,168,173,191,216,218,260,262,257,325,291,267,304,303,305,264,254,272,312,303,265,253,248,290,300,290,304,321,320,292,264,241,242,255,288,287,299,318,309,293,257,247,252,270,263,247,252,237,251,244,249,243,243,238,227,207,205,210,216,243,248,239,236,231,232,248,249,279,287,287,280,279,276,259,248,237,238,238,239,254,245,234,228,251,248,254,269
98,81,90,90,103,116,110,115,96,95,92,112,114,111,116,122,133,133,141,135,153,159,158,146,139,145,133,132,143,157,169,169,171,165,160,161,170,174,178,168,172,175,161,143,145,154,152,146,154,163,154,150,116,98,91,81,83,76,69,67,62,63,73,67,65,63,70,68,65,72,76,68,58,62,61,54,46,46,49,54,63,66,88,74,89,70,54,71,75,93,100,101,99,91,99,85,91,80,71,62,76,97,102,107,63,41,46,46,43,39,46,58,81,97,126,97,92,118,119,138,128,132,132,129,142,149,144,147,160,151,156,161,165,158,129,117,126,171,198,212,228,212,179,170,165,168,189,173,181,182,181,177,167,183,185,187,166,133,162,137,158,136,152,150,172,158,162,173,177,177,181,190,224,239,266,332,342,336,279,245,265,289,299,303,270,271,316,295,268,249,245,277,285,308,327,331,320,297,281,270,227,239,265,275,259,272,262,269,240,233,245,259,268,256,247,250,229,242,248,246,224,240,230,230,206,213,229,249,242,239,228,223,235,247,257,265,271,279,274,271,278,282,278,256,249,244,237,238,248,243,234,244,253,265,267,271
84,88,103,103,113,110,104,99,96,88,96,104,96,119,124,137,121,121,138,148,140,157,155,150,146,139,140,144,144,149,163,177,174,158,152,161,168,183,172,162,169,179,172,170,158,150,156,159,151,162,159,165,127,104,101,91,89,86,74,68,66,58,62,66,62,67,72,64,67,75,73,71,64,57,56,58,48,47,47,49,51,61,72,64,90,63,66,79,90,97,107,105,92,86,82,70,63,61,64,68,83,89,94,94,92,41,43,42,42,43,45,75,82,113,119,112,101,112,130,125,130,127,148,132,147,150,147,144,149,185,159,147,162,169,134,140,149,185,214,225,238,208,162,152,154,149,168,177,173,174,169,173,177,176,178,178,156,146,173,155,147,135,145,136,151,165,171,194,206,202,222,214,267,281,298,299,286,265,275,254,273,280,284,276,253,279,268,269,255,245,264,281,295,323,324,306,313,297,290,248,230,214,243,232,241,248,238,225,252,248,255,258,253,253,229,230,227,246,249,249,222,241,228,215,205,216,218,225,225,223,230,236,248,260,255,259,256,271,274,265,261,271,279,270,259,254,244,227,241,233,237,250,261,264,261,267
86,96,106,131,114,108,103,92,94,84,92,94,108,132,128,123,109,122,132,151,136,153,156,139,142,151,150,168,152,151,153,179,164,153,149,155,165,180,178,163,164,170,172,168,164,163,154,158,147,162,154,165,150,112,97,92,82,81,68,66,63,64,60,61,60,70,68,61,65,69,70,70,68,57,51,57,55,51,48,48,48,53,54,56,67,51,75,78,90,103,103,94,90,68,57,60,64,66,73,90,79,87,80,93,85,49,39,41,40,45,48,69,93,103,107,107,110,115,121,105,103,126,128,137,154,150,144,141,142,173,162,136,162,157,109,127,154,200,204,194,215,179,149,150,151,158,166,180,187,189,180,181,175,162,167,173,154,154,176,169,142,135,163,146,171,202,208,223,245,252,250,242,253,273,286,291,279,256,274,260,282,271,267,246,242,224,244,268,255,253,263,280,316,320,296,293,294,278,258,247,237,212,214,227,243,223,217,247,262,268,265,264,243,234,230,231,218,237,243,241,219,226,199,206,220,216,218,212,209,217,226,220,229,236,239,243,257,274,280,280,267,262,275,267,271,261,246,235,231,231,243,254,248,250,250,271
89,97,102,120,110,102,100,95,86,88,93,92,101,122,108,105,109,118,140,157,141,142,150,141,132,150,165,177,163,186,177,177,166,153,152,158,177,181,169,165,159,177,165,166,155,154,151,151,150,155,160,150,136,113,101,91,91,86,71,68,65,65,59,60,60,63,66,60,67,67,72,68,67,64,55,50,50,49,42,46,52,48,50,53,53,47,70,71,93,99,96,96,66,57,64,92,81,84,100,94,93,81,72,73,78,61,43,39,39,46,62,65,94,105,111,98,108,103,106,94,118,105,111,130,137,134,138,129,134,163,155,138,153,138,111,162,192,191,178,174,195,151,143,142,155,155,177,173,171,181,185,179,159,160,155,159,150,154,150,151,138,149,181,163,197,209,209,239,249,242,236,248,250,257,256,252,255,278,253,247,261,265,274,251,215,215,218,262,255,232,261,285,312,304,294,255,276,276,242,227,225,213,226,222,209,213,224,240,255,253,251,262,245,231,229,218,211,228,227,222,212,220,198,221,219,207,224,238,224,240,243,235,242,235,241,256,275,274,260,253,251,249,259,254,259,257,241,236,230,224,236,234,238,245,259,264
95,87,104,120,112,96,94,88,78,97,109,107,98,97,107,122,130,132,145,145,141,135,142,133,142,143,151,156,171,177,170,175,154,144,158,169,178,184,165,162,152,173,169,159,161,162,149,155,145,144,161,150,123,107,104,93,82,76,70,67,71,70,68,65,58,59,62,64,62,62,66,63,64,63,68,61,49,47,41,47,47,46,43,46,47,60,71,75,82,97,86,84,56,71,93,92,103,80,94,108,83,73,73,68,61,44,44,42,39,41,66,99,108,100,112,89,94,110,79,100,104,99,123,125,137,124,138,137,118,151,145,139,134,115,137,163,140,147,141,156,149,135,128,161,161,164,165,161,160,166,173,177,165,154,164,158,163,148,130,142,139,151,160,163,181,194,211,246,235,226,223,227,235,257,302,287,258,257,243,257,303,291,305,234,226,204,203,218,242,238,266,287,297,273,263,246,242,258,260,259,243,215,204,205,207,231,237,246,237,242,247,253,258,256,238,231,221,210,222,213,211,206,202,221,201,207,216,214,225,236,226,228,228,236,234,246,263,273,268,263,259,250,244,240,244,247,255,250,238,231,236,238,241,256,260,257
102,100,114,117,108,94,84,83,93,103,108,111,122,114,113,126,139,143,140,139,128,129,135,144,150,153,155,171,173,167,167,163,158,149,160,169,175,166,169,156,152,159,157,152,157,162,152,149,152,142,156,153,130,119,93,91,86,79,70,76,75,71,69,64,63,55,57,55,60,60,65,63,59,59,64,72,69,60,49,49,43,39,41,44,49,55,59,66,78,82,61,59,67,83,94,98,104,102,92,96,70,68,73,85,79,46,41,37,40,44,72,99,107,102,82,76,79,89,81,82,105,103,127,148,149,121,115,131,133,148,134,137,114,131,156,139,118,120,132,120,123,126,144,170,172,177,174,178,169,179,157,146,165,167,140,152,156,139,134,140,143,175,158,190,206,215,231,228,219,216,211,221,279,307,305,266,249,241,241,280,285,293,276,239,229,206,203,204,250,250,273,291,285,248,236,237,234,266,250,238,224,204,207,216,228,227,235,235,231,241,235,250,254,236,222,235,233,205,224,213,199,211,197,209,206,229,228,222,219,221,224,232,234,229,235,246,248,271,265,253,249,245,240,244,236,233,253,249,234,227,231,250,248,255,244,252
112,115,110,114,107,89,79,85,96,109,96,105,110,129,123,130,131,148,139,132,121,137,134,146,148,157,164,159,174,152,165,153,152,143,157,183,178,160,169,165,156,157,159,141,157,161,155,149,143,147,162,158,121,114,89,88,84,91,80,87,82,77,79,65,60,59,58,55,57,63,66,65,66,57,60,62,69,69,63,49,40,39,44,45,46,47,50,51,52,58,51,54,76,79,79,99,98,103,98,89,73,62,61,87,66,47,45,38,42,56,80,99,87,96,78,63,62,76,104,94,120,124,137,146,148,124,124,110,125,128,141,120,98,104,113,111,116,112,123,116,128,138,171,168,161,168,195,178,176,173,179,169,169,144,153,150,160,153,129,152,165,177,184,183,193,220,247,229,209,232,234,259,324,326,272,257,231,254,267,251,254,257,250,232,217,217,215,194,228,236,263,254,262,243,237,228,222,230,225,215,219,214,198,205,212,218,214,220,229,234,234,253,257,239,235,223,231,210,223,209,199,201,214,214,216,222,234,239,227,233,236,251,260,243,242,252,270,281,267,253,254,254,255,248,243,229,229,239,230,236,239,250,240,240,235,243
104,114,104,106,107,78,79,92,105,95,92,100,98,100,126,132,130,134,130,130,133,155,149,157,155,153,156,159,150,148,164,151,145,152,164,174,179,164,157,159,150,144,144,141,158,146,149,152,135,140,162,148,131,107,124,107,98,117,101,92,83,78,72,61,66,63,56,58,57,58,64,60,69,60,53,60,63,63,63,55,48,46,49,45,39,46,56,58,57,61,76,79,71,78,74,83,86,94,104,85,75,60,61,73,54,43,41,38,45,45,55,64,64,70,93,86,96,94,96,101,94,109,146,140,124,124,120,104,106,109,128,119,108,108,110,121,126,130,126,143,148,147,152,144,166,182,192,176,184,182,187,174,171,156,161,147,146,147,142,157,182,167,172,191,208,228,216,220,211,235,266,287,304,267,244,229,226,251,254,236,254,233,223,214,217,202,202,210,219,246,252,238,258,227,224,203,212,225,222,214,203,195,212,213,214,235,228,223,220,225,234,253,246,236,229,229,220,211,210,211,205,221,218,224,231,232,228,240,243,239,254,259,263,262,257,246,273,282,271,266,261,261,256,251,244,234,222,224,223,227,243,245,226,234,246,250
100,109,99,100,98,79,82,87,90,86,89,95,97,98,103,111,119,130,123,139,132,147,149,156,154,148,147,154,146,141,152,144,146,146,159,172,174,166,158,151,149,156,138,135,144,145,145,149,145,135,153,141,138,117,127,141,104,114,131,92,80,77,69,64,73,78,67,61,60,52,60,59,64,58,51,54,55,60,59,56,40,41,42,39,49,57,75,83,70,73,93,96,99,98,103,95,95,113,94,95,75,65,64,64,39,43,41,38,50,75,88,76,64,67,81,82,94,103,114,131,135,127,130,142,102,112,106,116,102,109,116,93,86,98,129,119,123,136,141,154,158,154,137,148,173,206,196,186,195,181,191,184,173,169,176,159,144,154,142,176,163,162,185,209,214,215,209,212,211,227,286,311,248,237,234,215,249,257,237,239,244,232,229,215,212,210,196,204,225,237,238,235,238,208,204,195,210,224,213,203,197,202,232,227,219,237,237,226,231,234,244,258,248,235,222,222,210,207,203,204,208,230,227,221,218,221,222,232,246,248,244,255,275,277,272,267,268,281,282,275,264,261,252,244,230,232,240,223,210,240,237,231,232,234,254,258
115,107,97,90,89,80,78,97,91,101,98,107,109,101,95,107,131,129,122,122,127,137,153,155,151,161,140,148,152,137,136,140,149,150,159,166,166,158,170,148,145,155,145,144,142,143,146,143,153,133,144,161,146,107,137,144,125,105,121,83,78,70,67,73,75,78,66,58,60,48,55,67,62,56,59,50,54,57,59,56,52,48,47,37,49,72,79,91,73,69,87,98,89,103,106,100,100,123,86,84,84,52,46,54,41,40,47,45,67,86,110,113,116,111,93,81,73,107,99,101,128,153,147,136,119,98,107,125,119,103,105,81,104,117,135,121,124,133,126,158,160,152,143,169,186,209,206,195,190,198,192,186,182,168,178,176,150,163,141,180,130,161,206,209,201,202,195,217,223,231,277,300,239,233,233,228,251,250,222,247,230,224,224,193,190,204,187,214,219,208,236,227,223,232,201,221,207,223,202,202,215,228,223,242,219,233,244,246,239,255,253,253,249,240,215,212,197,206,193,201,239,242,234,213,205,203,208,219,227,241,245,263,256,254,254,265,264,264,273,267,252,246,239,238,239,246,239,231,214,228,234,226,244,248,278,288
106,101,90,85,80,78,88,113,107,103,95,108,115,117,107,115,137,129,126,130,142,149,150,144,145,152,154,138,140,148,149,154,159,167,167,155,149,150,170,158,148,136,159,153,141,133,136,148,154,151,137,147,137,139,129,146,153,132,110,105,95,78,77,74,69,65,61,62,56,56,56,57,62,59,56,57,53,51,59,58,50,50,46,41,52,71,63,68,65,74,85,89,83,83,91,94,94,90,81,84,73,77,46,37,40,43,40,51,65,82,87,98,107,115,134,125,112,92,107,117,130,124,143,119,125,95,92,114,113,101,93,110,122,122,136,127,129,123,138,143,149,155,166,158,174,187,201,218,219,224,231,242,196,169,153,159,157,146,132,139,151,187,193,203,210,206,241,210,220,249,211,214,229,227,193,213,213,218,224,220,234,230,228,215,207,205,207,211,195,203,203,218,184,183,190,191,206,201,197,196,199,196,208,231,220,232,240,245,253,260,247,230,229,235,237,225,229,206,195,215,222,224,223,219,218,219,216,227,220,226,252,260,246,244,244,250,252,249,269,267,262,248,240,257,247,242,233,228,213,222,232,226,233,245,265,310
96,101,102,91,78,75,87,114,107,92,99,103,108,113,118,133,132,124,120,130,138,152,146,146,135,150,149,127,151,157,160,173,170,179,174,162,150,147,166,156,143,135,151,148,146,143,131,140,142,147,138,148,149,147,129,139,154,139,132,143,126,86,85,81,67,69,72,77,69,59,53,53,52,52,53,55,49,56,57,58,48,40,38,44,49,70,61,57,61,72,85,88,68,69,77,84,95,80,83,66,69,65,41,37,41,43,43,52,73,85,100,105,127,99,118,127,139,107,125,113,133,138,114,107,118,99,90,98,109,86,86,114,125,137,157,147,148,135,143,138,142,151,166,170,165,180,194,214,214,219,220,224,213,188,157,139,137,128,128,147,167,170,194,222,232,211,184,211,255,202,186,203,219,194,206,202,206,230,230,233,234,230,230,215,218,215,219,201,169,173,174,194,192,203,203,194,192,206,204,208,210,212,208,216,225,231,235,241,251,258,243,235,223,218,221,217,218,214,195,213,203,216,205,216,211,219,229,234,240,250,247,237,235,249,248,249,254,263,263,275,271,264,266,256,240,234,220,228,230,235,252,253,288,331,273,248
91,92,84,73,73,73,100,107,93,90,106,111,103,100,110,136,136,123,125,136,136,146,144,142,137,144,149,132,146,161,169,158,173,174,158,166,162,140,153,153,151,135,151,142,145,137,131,132,137,131,130,151,154,155,145,159,149,159,156,167,131,106,89,78,74,77,72,68,70,61,53,46,50,45,48,49,53,51,56,56,48,38,45,43,46,55,59,62,61,67,74,77,65,80,93,86,91,76,83,63,61,72,40,38,39,38,45,62,73,93,110,104,125,102,121,129,129,125,144,117,129,125,120,110,90,101,103,86,92,77,84,98,92,97,125,144,152,138,155,156,158,148,166,175,185,184,202,218,210,206,210,209,196,181,176,174,151,143,116,146,166,160,200,188,176,169,177,218,227,205,164,158,185,194,194,199,224,241,238,240,238,223,225,226,217,224,208,197,178,207,200,195,211,233,208,208,207,208,216,210,220,214,217,198,221,236,239,244,253,253,245,229,220,210,201,204,223,202,194,195,214,199,202,232,238,225,224,215,240,248,224,230,237,239,236,238,247,255,261,274,272,259,253,236,239,232,255,258,261,246,306,263,276,285,267,235
87,85,72,79,74,75,87,82,81,83,92,102,97,109,127,134,133,118,131,134,143,150,149,148,133,131,133,134,152,141,154,149,161,162,158,157,157,143,152,149,150,149,144,138,134,130,134,127,131,133,139,145,153,150,159,163,158,158,175,175,155,148,106,83,77,72,75,71,62,55,53,67,62,56,58,52,49,42,45,50,49,46,40,43,43,47,58,61,70,65,66,72,70,74,83,96,77,58,80,67,60,43,41,36,44,45,71,73,83,92,76,95,98,112,122,133,146,133,138,144,130,117,141,135,100,83,103,103,78,69,64,89,110,102,115,117,138,151,173,166,168,161,150,163,181,193,194,201,205,210,199,207,196,208,183,177,159,148,129,127,163,195,166,151,167,193,211,218,176,153,168,192,229,224,202,200,217,243,238,226,233,212,209,211,216,222,193,169,179,192,215,215,213,223,224,215,222,215,223,222,222,236,223,203,205,206,222,238,244,254,245,230,208,207,206,197,207,201,194,195,209,193,212,239,234,218,212,213,236,221,240,251,242,243,238,239,248,251,265,279,273,262,246,248,256,248,315,266,226,232,299,248,250,260,246,234
92,76,70,74,78,96,81,91,93,99,92,101,100,116,135,128,129,118,131,140,141,144,149,152,143,132,130,134,147,153,151,157,157,146,160,138,153,143,149,149,148,145,132,130,127,127,129,125,137,151,142,142,149,145,151,160,146,147,165,172,167,147,117,90,78,72,64,68,58,53,76,79,79,67,64,58,53,41,44,43,48,53,39,41,40,49,51,61,70,60,60,60,68,76,82,86,76,59,73,53,44,38,39,38,53,60,70,89,93,103,97,94,96,101,98,121,119,125,119,145,136,107,114,121,130,90,92,81,70,65,66,91,122,137,146,128,137,164,174,171,181,165,164,168,174,180,175,180,194,206,199,201,190,199,205,191,182,165,146,132,184,209,151,167,182,171,207,179,151,151,193,231,243,234,230,224,213,238,235,229,215,204,200,203,203,213,199,160,168,203,225,221,224,240,232,247,236,224,220,218,224,232,220,223,215,222,228,243,242,250,233,218,211,224,214,206,199,197,190,197,197,196,222,234,223,209,208,223,228,227,243,249,260,259,248,246,245,247,262,276,268,261,260,266,278,266,306,287,241,278,262,244,243,241,242,230
92,73,71,74,93,110,91,103,99,103,107,114,120,118,135,127,123,118,126,134,151,138,149,152,144,121,146,143,156,154,149,159,147,148,162,137,142,145,145,147,144,142,132,129,137,140,132,128,132,136,147,153,164,160,153,150,142,131,149,174,154,152,106,90,81,67,66,60,58,68,77,73,77,70,62,57,53,52,51,43,43,53,44,39,36,45,50,56,61,59,58,60,60,73,67,82,70,62,60,37,41,38,40,44,56,58,78,101,118,123,101,83,113,87,88,118,110,106,134,143,115,108,97,106,122,110,77,68,68,73,84,99,113,128,165,151,185,164,165,159,165,161,165,174,167,164,159,181,181,188,188,189,195,197,200,181,190,160,174,150,174,173,110,137,158,160,186,150,153,175,205,225,238,233,249,240,227,221,233,234,227,210,206,183,191,194,191,170,190,201,207,200,216,219,232,233,220,211,202,220,231,225,231,228,217,241,226,239,251,252,230,225,234,217,220,220,219,212,208,190,191,209,227,221,213,224,229,237,248,248,247,251,264,266,252,247,251,249,258,265,283,280,276,274,275,250,274,308,298,257,265,246,230,222,224,211
70,70,65,91,96,104,102,111,108,104,113,124,116,139,134,118,118,127,141,143,149,132,145,151,139,121,149,143,161,148,140,159,136,139,158,145,135,148,132,137,137,132,126,130,146,154,138,141,132,137,140,143,143,157,165,153,132,128,133,152,144,151,114,84,77,75,74,76,66,78,72,68,64,72,62,54,55,53,61,54,44,50,47,39,43,44,57,69,57,49,57,64,53,64,66,79,67,51,49,38,39,44,46,49,54,69,69,90,117,94,107,80,82,77,85,98,92,111,129,137,126,103,110,107,91,82,67,69,73,109,129,128,167,178,180,183,160,152,154,148,167,151,156,153,160,146,156,165,169,187,196,204,197,192,189,182,184,180,174,144,112,121,115,121,124,140,143,150,152,158,203,212,204,225,227,221,224,233,220,217,227,215,204,182,194,182,158,172,185,185,178,200,205,218,227,216,201,211,214,219,218,234,243,239,230,239,245,238,260,255,230,232,233,228,241,215,212,210,190,189,188,209,220,219,222,234,236,244,250,261,257,248,261,274,269,264,269,274,292,337,348,355,338,277,264,245,248,248,252,263,265,226,214,226,217,200
67,66,77,102,100,107,111,110,111,115,128,132,115,141,132,112,122,131,138,146,141,134,128,150,130,124,145,156,167,148,135,153,144,124,142,131,130,135,134,125,131,126,127,131,139,152,146,144,136,133,135,143,150,157,155,132,136,128,119,143,136,148,132,107,93,85,82,75,69,72,69,63,60,73,60,54,50,50,50,51,45,40,43,42,40,39,44,52,50,51,52,54,51,61,67,70,55,46,41,39,42,41,49,66,69,88,59,78,101,81,78,80,95,102,115,94,100,117,120,119,126,110,121,107,97,72,62,64,100,106,136,141,169,161,158,165,169,133,134,150,182,140,136,143,149,138,158,152,161,184,194,192,190,185,185,202,196,194,192,167,122,105,117,118,149,164,141,136,137,145,160,191,186,215,202,212,214,227,219,201,211,209,208,215,194,156,158,179,165,177,177,196,201,217,203,193,196,201,210,210,225,243,257,253,237,239,247,255,263,256,242,246,233,242,225,220,217,206,192,187,186,237,204,214,224,231,225,238,253,258,269,270,264,274,284,290,319,344,362,364,348,375,337,275,265,274,269,266,254,240,226,192,204,204,200,182
67,72,94,90,93,104,94,96,117,114,125,140,125,138,121,123,131,133,134,145,143,153,128,131,126,124,143,150,157,147,138,127,129,127,126,126,120,121,118,121,118,132,132,145,143,150,149,149,145,148,132,142,150,150,157,142,123,131,118,140,134,125,128,125,93,87,80,76,71,64,69,60,57,60,61,53,48,45,47,41,44,38,42,39,38,41,41,45,48,58,48,47,46,51,60,59,55,54,45,37,32,42,45,55,75,102,94,72,73,69,89,102,104,110,102,112,107,126,116,119,128,97,113,103,87,66,65,93,91,117,137,131,144,142,155,152,158,125,136,153,185,135,124,146,144,134,137,160,172,186,192,191,184,184,190,186,190,177,171,131,116,116,140,134,184,185,171,148,153,184,178,189,189,180,189,201,219,229,217,188,193,177,186,229,186,163,159,149,155,163,187,199,206,215,185,201,203,206,219,221,234,249,249,240,240,233,248,258,251,236,238,236,218,233,215,210,209,211,195,185,198,210,197,210,221,205,207,224,245,250,258,262,272,273,266,309,328,294,302,305,288,305,302,286,276,268,290,257,233,223,225,202,185,181,184,184
72,77,86,90,95,91,83,103,105,112,125,123,140,130,122,121,135,125,130,143,145,148,155,132,113,136,155,134,142,135,130,123,125,133,141,124,125,130,132,129,137,142,143,136,159,160,156,152,154,145,137,149,152,159,156,131,115,116,118,114,128,122,103,115,101,85,75,70,66,62,63,61,56,56,58,55,46,40,44,46,50,46,43,48,41,40,43,43,42,48,42,40,52,51,55,50,45,45,34,34,40,40,51,52,60,68,67,93,81,82,86,112,95,87,101,112,100,115,114,109,123,108,100,85,66,59,79,118,109,111,144,116,140,146,126,140,145,137,173,177,153,143,119,138,131,128,132,142,170,197,205,189,198,185,174,170,184,183,169,141,128,117,159,161,173,155,169,169,191,190,197,193,196,202,205,214,220,213,201,202,196,172,187,187,187,178,152,149,163,175,165,187,202,200,225,234,216,209,226,229,233,226,234,226,230,242,253,252,243,227,248,231,215,212,210,202,197,200,204,196,190,196,194,199,207,211,221,228,239,253,251,245,258,263,279,280,274,254,256,273,270,275,256,238,242,250,245,237,231,225,221,201,201,192,162,164
75,86,92,87,93,86,91,100,94,110,117,129,131,123,117,125,118,134,135,142,138,141,147,134,114,136,140,121,123,122,114,120,124,143,150,146,126,123,136,136,137,145,145,137,153,173,169,157,169,157,144,151,158,164,147,122,116,120,115,117,118,103,96,94,104,100,80,70,73,73,60,55,55,51,58,46,49,64,67,65,59,55,50,51,50,41,38,35,37,40,38,36,48,56,54,46,44,48,37,33,35,48,71,80,71,55,55,75,88,91,92,88,82,87,96,101,111,109,101,120,108,102,98,95,62,77,112,120,144,143,132,129,155,134,111,118,118,143,169,150,157,137,106,123,114,116,137,157,173,210,210,209,208,186,173,157,164,167,176,161,140,145,137,141,151,146,149,161,179,177,162,166,174,192,195,204,218,207,193,190,178,164,149,179,197,172,153,155,180,158,155,186,210,213,198,207,201,211,211,210,222,218,223,226,235,248,263,248,234,224,224,218,212,205,206,200,192,193,199,206,188,185,185,201,219,215,207,211,234,242,234,248,266,274,257,266,260,246,254,267,259,271,257,238,236,239,250,238,225,208,206,189,176,166,171,155
79,86,92,87,84,86,94,96,94,112,121,132,136,125,112,116,124,125,137,141,127,132,138,130,117,124,118,118,119,119,115,125,126,141,157,159,136,131,126,138,145,145,151,149,144,153,169,173,169,162,157,144,151,160,148,127,114,115,125,131,140,130,135,111,87,88,76,71,71,67,68,59,53,47,48,42,64,74,66,62,61,55,48,46,50,48,41,34,38,40,43,38,56,60,51,42,38,39,39,37,42,64,65,77,89,79,57,54,60,70,82,77,74,85,97,98,111,102,105,128,115,95,86,89,58,71,90,111,131,120,118,138,138,128,109,131,162,152,157,141,138,141,102,108,127,133,177,158,188,193,184,185,194,206,183,169,152,153,162,161,169,166,164,114,138,137,166,166,164,153,138,160,170,184,174,201,210,215,202,182,163,161,167,158,198,188,168,170,197,172,175,202,222,228,213,214,204,199,199,219,226,229,240,242,256,247,252,239,227,226,223,219,218,221,219,207,210,203,197,198,196,185,191,216,213,195,207,210,222,224,246,282,266,236,244,256,276,239,255,263,256,262,268,251,252,227,224,225,223,216,201,180,172,180,155,148
79,75,87,73,83,99,95,86,106,113,112,127,125,121,116,131,135,139,133,128,136,133,124,123,114,110,112,130,138,136,144,132,136,137,141,156,143,154,137,127,134,136,144,153,159,159,166,175,173,160,151,151,161,161,159,142,131,134,137,143,121,128,114,101,94,80,75,72,68,62,65,65,52,51,49,53,68,72,64,60,51,52,49,51,44,43,38,38,35,39,46,52,66,61,57,53,44,38,43,37,39,53,67,73,75,87,67,69,76,75,68,65,71,83,84,105,99,91,112,112,110,109,82,76,56,79,113,127,111,107,116,111,115,108,134,147,143,171,164,137,123,119,96,122,151,168,174,151,174,189,162,169,173,207,196,178,161,153,148,149,144,136,151,129,119,143,166,157,141,137,146,154,159,165,175,184,203,217,200,183,184,178,187,155,188,165,153,160,170,157,165,195,198,218,201,207,210,213,219,213,216,222,228,238,240,244,254,257,241,242,234,233,233,227,218,228,221,222,211,185,189,183,193,203,203,202,219,229,251,268,294,264,239,227,246,260,266,234,253,253,274,291,280,254,236,225,214,205,211,191,191,172,177,172,174,177
67,73,78,78,89,96,83,92,99,115,120,121,128,122,112,126,136,145,139,125,125,120,114,115,110,114,125,144,141,144,152,140,147,137,141,155,152,160,142,129,137,144,152,156,163,162,163,171,167,165,156,155,163,170,151,130,125,127,130,129,118,123,134,131,128,103,78,77,72,72,76,65,56,53,54,60,74,73,84,64,54,54,50,42,40,41,36,43,45,61,67,64,60,55,55,53,47,38,39,41,42,53,57,68,69,78,80,63,83,92,93,70,71,79,78,85,89,121,123,115,104,106,104,89,76,56,107,107,84,100,128,89,107,130,142,155,169,153,151,138,125,97,116,122,136,154,158,142,165,173,150,152,193,205,215,195,176,168,152,144,146,131,156,165,146,112,156,154,135,128,143,139,161,169,191,192,206,213,198,172,166,153,155,153,156,175,164,156,156,151,181,173,165,192,179,196,202,204,212,233,233,232,228,230,228,239,243,254,248,245,230,221,220,228,230,235,229,222,210,195,187,179,182,198,198,216,231,240,262,265,247,222,223,224,218,220,228,222,255,255,237,247,241,224,218,205,202,180,180,174,171,181,202,206,200,183
82,83,77,79,78,89,84,94,105,109,109,114,119,123,108,121,128,132,122,120,114,106,109,112,108,128,141,142,143,149,147,146,150,142,138,154,158,154,144,128,140,154,154,153,154,149,166,174,179,167,161,168,181,167,155,135,114,114,119,119,118,112,116,127,111,107,105,73,81,80,73,66,57,63,60,64,77,71,80,81,66,65,57,44,40,39,33,37,42,48,56,68,45,59,49,51,47,42,45,43,41,45,48,56,54,68,79,75,83,86,96,86,78,90,96,108,106,106,111,120,84,87,86,85,72,58,94,80,89,123,130,91,113,140,141,132,142,119,144,129,113,93,128,137,140,151,142,139,148,167,137,165,187,191,199,207,190,175,149,156,154,140,164,162,146,116,129,136,122,127,138,157,161,172,185,205,209,207,180,174,167,167,162,172,150,149,162,159,154,172,174,179,190,186,188,184,191,225,217,227,222,229,221,213,222,231,236,251,235,252,247,227,220,215,219,235,235,225,220,203,194,178,181,203,215,221,223,240,215,227,207,187,193,204,192,195,201,200,217,216,221,223,228,210,209,188,180,182,173,182,177,192,203,175,167,155
98,94,87,81,76,84,84,88,93,101,113,122,113,114,103,110,124,107,105,105,108,108,114,123,120,116,129,126,134,145,153,149,144,149,147,148,162,154,146,140,134,140,141,146,152,144,161,170,172,158,160,159,171,161,156,140,122,106,111,104,115,118,110,101,90,95,106,95,70,79,78,67,66,69,65,65,66,63,67,71,75,60,53,46,43,39,35,41,38,41,43,44,55,68,61,41,40,39,41,39,36,37,38,47,54,60,64,64,79,83,90,89,93,87,88,89,103,122,139,133,107,89,76,67,64,56,73,81,102,119,118,112,113,114,124,117,122,110,137,113,97,103,108,125,154,167,141,130,139,159,144,161,163,177,183,187,197,191,192,190,165,178,150,151,146,128,112,136,120,143,139,146,158,163,175,186,190,198,196,192,189,184,178,173,160,153,158,178,178,184,182,202,207,204,212,214,225,233,239,236,209,213,207,212,226,243,249,244,228,232,247,238,225,220,224,212,207,200,210,201,192,182,181,189,215,207,191,184,185,182,183,185,198,195,198,200,202,199,204,214,222,226,234,212,194,194,181,185,199,190,192,202,186,166,165,150
97,102,95,91,87,79,86,93,96,104,112,115,104,107,101,104,104,106,105,112,118,124,125,120,135,124,122,141,140,145,139,152,142,160,159,147,158,151,147,138,142,137,146,146,154,160,173,180,165,147,155,157,158,170,153,137,129,106,104,107,100,94,90,101,112,90,77,110,82,68,76,75,73,64,66,66,60,59,59,71,70,70,56,49,49,46,39,39,38,35,38,41,48,48,62,51,39,41,38,38,39,39,35,41,49,56,55,56,74,70,74,86,99,99,103,109,108,124,128,121,124,115,103,101,63,50,67,94,93,111,134,109,92,114,122,113,112,151,127,105,79,116,152,147,127,165,154,140,124,151,128,138,159,160,172,173,179,188,171,170,152,145,147,123,129,133,109,123,114,129,137,140,140,148,160,166,170,183,196,187,178,182,175,166,175,160,155,151,161,165,187,185,195,214,211,227,225,231,223,230,200,199,206,226,227,244,236,234,230,230,249,242,234,232,221,205,195,191,184,177,170,180,165,171,191,186,176,171,180,190,193,184,188,193,200,209,216,222,225,227,226,234,231,216,210,196,195,198,208,185,192,192,176,166,178,155
88,93,112,112,99,83,94,88,102,110,109,104,100,107,103,108,104,119,110,108,119,122,131,127,136,136,125,129,132,130,136,144,149,168,170,167,170,153,156,139,144,146,159,159,170,180,168,176,168,153,141,150,151,165,156,137,146,116,111,95,95,88,92,119,124,112,83,76,90,69,75,73,76,72,63,60,59,59,56,67,63,68,70,70,62,56,47,44,33,36,48,54,41,38,43,55,51,45,33,36,36,33,32,37,46,49,47,51,62,56,71,73,87,86,89,96,98,115,124,110,116,116,110,111,89,49,57,82,96,115,131,114,85,112,129,108,131,134,128,103,76,127,141,149,125,156,159,135,114,132,133,121,148,150,168,152,173,190,159,140,142,135,144,136,109,105,104,88,90,112,130,123,136,137,146,146,162,167,169,174,170,177,186,166,158,170,131,150,159,160,164,188,192,209,225,211,206,217,217,202,207,198,222,219,227,224,222,218,231,237,258,246,242,226,218,210,200,199,196,194,195,188,175,164,176,176,173,175,201,203,201,197,207,208,205,203,208,211,221,222,220,227,227,220,207,201,201,202,216,194,204,188,194,191,203,172
89,99,100,114,106,94,109,96,114,107,100,103,100,103,111,111,121,118,117,112,109,118,122,129,145,142,135,129,140,145,142,147,155,158,157,160,164,163,168,148,159,156,157,158,168,178,167,163,161,147,146,133,141,156,148,140,142,128,111,112,102,105,101,95,95,91,88,80,70,60,61,68,74,68,68,70,49,56,51,56,60,61,71,88,82,70,35,38,38,41,47,45,42,35,42,46,47,49,43,49,38,33,35,36,44,41,44,55,53,54,64,63,74,76,75,90,98,104,108,109,106,119,101,96,92,53,54,83,102,102,114,117,77,127,110,104,136,126,134,94,89,119,149,134,136,143,147,161,125,114,134,118,128,149,163,151,167,176,162,149,131,128,154,154,136,115,92,99,86,111,118,112,118,129,130,151,159,147,146,165,172,164,160,150,146,151,134,135,144,130,156,160,162,180,199,182,192,194,207,191,188,202,204,210,204,193,198,219,235,248,249,224,219,220,213,222,235,229,212,206,198,178,159,143,168,177,188,184,188,187,178,179,200,208,209,199,203,203,204,210,214,218,231,225,213,205,214,202,222,212,218,191,212,207,209,194
86,91,96,105,111,109,114,114,99,103,100,100,109,105,119,128,125,116,119,124,119,117,109,129,129,131,149,149,141,148,149,149,149,144,148,154,163,173,161,147,161,172,177,172,160,162,158,150,168,144,139,137,132,149,144,136,147,120,112,109,99,99,96,107,98,92,82,96,87,82,71,58,58,60,65,70,65,52,55,54,51,51,68,76,86,85,42,34,40,40,41,43,40,37,35,44,44,43,45,38,38,38,33,35,41,39,45,48,47,58,59,57,61,65,70,79,88,85,90,98,94,109,105,82,113,61,53,79,96,88,113,114,76,118,101,112,124,121,138,131,77,116,145,113,116,147,118,139,111,105,148,104,120,136,159,138,147,161,176,191,168,142,121,145,139,115,106,98,91,85,99,109,114,124,128,137,142,134,141,151,171,168,170,162,163,159,142,140,126,149,143,151,148,159,164,189,181,189,188,183,188,188,194,193,200,207,216,233,233,233,245,239,233,235,239,230,215,204,198,185,185,161,152,135,156,178,174,159,170,168,182,185,184,187,209,218,219,215,212,223,222,204,203,205,209,196,204,195,230,208,217,213,206,207,193,183
85,90,93,99,110,111,112,110,100,106,103,102,113,114,116,136,122,117,120,130,131,121,111,122,121,129,138,152,156,152,146,144,136,135,141,150,154,166,161,158,161,164,179,162,155,153,151,154,170,160,139,131,122,141,132,128,150,129,120,108,94,97,106,120,113,109,88,109,112,98,89,69,61,53,53,52,51,44,44,50,44,42,56,62,79,90,74,41,37,34,33,35,38,31,32,39,31,37,35,32,35,37,30,28,38,35,45,43,46,52,56,51,62,64,67,74,80,78,78,82,84,96,98,81,101,75,47,68,73,85,110,116,79,107,90,96,138,124,135,132,84,122,114,116,132,136,112,112,96,105,130,104,128,140,152,131,151,151,157,168,171,154,131,112,111,105,91,88,81,86,88,94,100,110,120,124,129,123,134,140,146,146,147,161,164,173,129,127,163,167,185,163,146,154,150,158,158,169,173,199,206,194,213,204,219,218,219,225,230,231,241,234,242,237,231,217,199,199,188,190,176,175,169,143,151,158,140,137,173,179,170,176,192,209,203,216,218,209,202,195,178,185,176,175,190,176,191,181,197,194,195,203,195,185,176,174
82,87,89,100,114,113,110,105,103,106,111,106,112,125,127,128,119,118,120,132,129,143,120,115,113,118,129,145,147,137,137,136,129,130,140,161,162,168,172,171,170,171,172,160,163,145,149,165,172,164,150,134,132,127,124,129,142,150,135,129,109,118,103,100,93,105,109,116,100,104,79,73,61,55,59,53,50,52,56,65,57,42,53,55,66,81,81,82,49,38,38,39,43,36,34,34,34,31,35,32,30,38,32,29,30,40,40,43,54,51,54,52,58,59,62,69,76,71,74,75,80,78,89,81,77,89,49,55,84,98,114,110,65,91,89,101,135,110,116,128,91,108,108,140,157,119,100,88,101,124,119,102,130,121,138,127,153,149,120,140,164,168,150,137,98,87,91,81,81,72,65,69,86,85,94,105,116,112,115,119,123,127,130,134,153,159,137,140,163,158,169,174,172,181,175,151,179,167,183,197,200,202,201,207,202,208,209,209,216,211,222,219,215,197,202,210,208,208,210,207,193,170,153,136,132,152,128,142,166,162,179,186,202,201,192,199,189,185,177,161,156,171,160,169,174,162,173,168,172,175,193,199,208,195,193,187
80,88,97,106,105,108,98,104,101,111,103,113,108,115,129,133,123,119,117,130,129,130,132,112,115,114,134,138,137,127,129,129,135,136,138,143,153,158,168,158,158,170,173,165,152,136,149,165,150,177,156,138,129,123,120,137,136,145,128,123,115,100,111,108,98,87,93,104,90,82,75,68,67,82,83,67,63,61,64,65,57,54,44,41,61,69,79,87,96,69,61,59,62,49,32,33,36,34,35,34,28,34,30,32,30,36,37,50,47,52,45,47,52,56,59,70,76,77,67,68,77,72,77,73,62,70,47,49,66,90,97,110,70,76,108,122,103,88,123,126,87,84,107,126,141,96,92,107,121,138,109,92,111,137,132,128,157,143,121,127,165,157,141,140,120,82,76,78,72,65,62,59,64,77,87,97,111,99,89,107,111,117,115,114,149,142,137,139,148,135,153,159,167,166,162,165,163,171,165,177,168,173,175,186,183,193,189,199,200,201,199,202,201,193,189,197,194,201,202,204,202,202,191,143,117,130,129,133,143,149,170,187,174,174,184,179,168,158,159,160,151,158,156,162,161,166,169,165,179,189,182,198,208,190,186,176
85,97,107,109,100,97,102,104,107,113,110,115,107,116,132,133,128,119,129,137,128,125,121,123,112,112,118,128,125,122,122,127,147,149,149,150,153,155,168,165,146,164,163,161,165,142,142,159,153,162,149,134,132,120,123,136,138,144,132,117,118,103,96,98,100,90,92,88,76,67,75,92,80,100,97,87,73,69,66,63,57,54,46,36,53,61,72,78,80,99,85,75,42,60,48,30,33,29,30,30,29,36,42,34,28,33,42,48,39,44,41,49,52,53,58,74,75,72,72,68,70,65,66,69,58,54,47,48,55,75,89,102,68,80,113,118,100,110,127,115,83,78,97,136,103,80,118,151,142,130,112,95,141,145,128,114,148,153,112,128,145,161,143,123,114,83,79,66,69,58,59,59,55,71,93,106,111,95,81,112,108,117,130,105,129,136,120,121,117,125,134,139,146,145,141,142,154,154,154,159,147,153,161,171,167,168,169,171,186,190,187,199,197,189,182,188,174,182,173,187,171,187,170,151,144,126,122,149,147,165,165,157,157,150,147,161,152,142,149,151,144,142,141,152,150,148,163,155,162,165,174,191,219,206,188,185
92,109,102,92,94,102,107,100,104,109,115,118,110,110,124,136,132,123,126,141,132,124,122,125,121,132,114,114,123,130,128,137,146,154,159,152,145,170,169,163,147,157,158,152,156,149,140,158,145,147,150,137,124,125,113,131,133,148,144,115,101,99,90,81,89,81,83,84,78,85,87,111,103,105,101,106,79,70,61,54,51,55,45,42,44,51,59,68,73,78,86,92,61,41,37,38,36,28,29,27,35,35,50,44,35,34,32,39,34,41,44,46,45,56,73,72,69,66,69,60,67,62,64,65,62,68,61,46,50,77,83,93,57,74,109,89,87,93,105,121,87,84,104,132,80,95,137,162,158,115,92,112,139,141,132,108,133,134,109,120,161,177,167,130,115,89,78,61,59,53,58,62,63,130,134,115,129,117,86,126,116,104,110,141,88,127,111,98,113,111,121,119,126,121,112,127,138,133,138,134,132,141,146,158,143,147,165,190,188,191,193,196,198,188,176,171,157,157,165,167,164,158,160,160,173,176,127,144,148,145,144,139,139,135,137,141,142,135,137,139,130,132,132,135,130,134,150,143,160,169,180,209,226,225,203,197
100,96,90,91,99,110,112,105,104,107,111,112,113,108,119,119,138,133,134,130,121,119,118,130,115,136,127,123,121,124,131,136,147,153,161,154,152,162,163,162,149,143,147,158,143,160,137,145,149,145,153,152,131,126,102,125,136,135,152,130,113,110,94,92,89,83,82,76,92,101,97,103,106,94,84,97,86,70,59,50,42,43,38,43,46,55,52,59,64,65,56,67,42,31,31,29,29,29,34,32,33,43,45,51,48,45,39,37,47,52,57,62,61,58,79,74,65,65,64,60,59,56,57,63,68,57,57,48,43,57,70,81,56,84,103,81,104,100,86,105,93,69,97,131,83,117,136,133,133,121,80,121,155,124,125,107,120,122,105,135,151,168,157,134,115,90,72,61,54,50,48,53,72,108,124,140,146,119,83,110,130,106,101,123,121,96,90,89,99,106,115,99,112,99,97,119,124,110,120,125,124,135,130,145,136,138,155,163,167,183,188,181,200,216,189,172,158,155,142,144,146,141,146,140,149,144,155,115,127,133,130,125,122,120,120,136,126,129,135,136,123,123,121,125,134,137,137,148,153,169,186,213,230,224,188,189
92,89,90,99,107,115,114,109,107,108,106,112,114,112,121,116,131,134,136,128,125,121,127,126,118,135,136,128,132,123,131,138,140,154,166,145,159,150,149,150,150,143,132,146,145,144,135,142,151,137,153,145,133,131,108,109,138,133,145,151,132,132,110,109,101,98,90,80,94,95,95,87,87,97,82,67,86,70,53,48,53,52,46,42,37,53,48,52,55,64,44,36,29,34,31,33,42,41,49,53,43,43,51,55,58,59,49,38,48,48,52,58,68,69,76,71,65,62,58,59,58,62,58,62,66,61,49,50,47,45,68,57,58,82,88,80,86,101,73,98,98,56,79,115,80,120,126,126,112,115,71,107,126,111,132,114,96,91,119,118,143,144,147,135,89,76,68,59,55,49,53,49,79,123,109,151,149,128,86,121,139,129,126,104,119,85,71,72,87,108,92,98,93,92,91,95,102,115,115,118,120,124,140,133,126,136,139,140,167,176,186,172,183,195,189,189,183,167,136,125,134,123,152,135,120,119,138,126,120,120,114,110,106,104,126,143,133,122,145,129,117,140,140,143,155,161,161,172,164,170,179,207,219,233,207,181
89,93,98,112,113,124,117,113,106,107,112,110,114,116,124,122,138,134,139,130,129,136,137,133,118,134,141,124,136,121,122,139,143,163,165,139,147,148,147,135,148,143,133,144,147,130,132,140,135,139,156,135,128,130,102,115,125,135,143,141,142,144,137,133,119,112,103,80,98,95,87,75,72,71,68,77,64,59,55,62,65,62,49,39,37,44,40,46,46,56,30,32,26,31,35,42,53,48,50,61,53,51,60,62,57,58,59,50,41,44,56,65,68,72,68,67,68,63,58,58,57,60,56,63,58,62,52,47,54,42,46,55,65,73,72,69,74,68,52,70,88,56,68,98,69,113,117,112,114,106,90,96,111,94,116,134,126,108,92,105,120,123,114,128,90,66,53,50,49,45,45,44,55,103,100,128,139,134,79,133,121,124,135,87,72,64,67,65,67,71,74,78,78,83,82,81,102,119,109,114,118,141,159,126,136,170,163,163,177,186,177,171,177,177,164,166,171,163,148,110,110,118,136,141,114,130,106,109,107,111,107,100,108,130,132,134,126,122,135,114,125,154,165,180,171,174,172,176,178,193,194,207,204,232,233,221
91,102,116,127,127,126,118,116,115,110,113,107,109,115,122,128,138,141,142,131,125,133,134,129,124,132,132,130,133,139,121,131,146,158,146,138,157,162,143,135,132,134,138,127,146,137,123,150,133,149,156,143,127,116,111,116,122,125,127,131,145,129,138,140,139,128,96,95,106,92,77,76,89,78,84,72,71,78,85,81,73,57,47,39,36,35,33,41,50,40,29,31,33,37,41,44,48,56,64,73,72,67,65,58,50,57,61,58,66,59,51,59,73,77,67,61,60,61,54,57,54,48,57,60,59,61,60,46,45,42,53,59,56,60,62,62,65,45,42,52,79,68,52,80,77,102,96,94,102,114,112,75,83,70,74,88,104,125,121,88,81,101,97,121,90,57,56,54,50,49,48,49,47,48,77,90,101,130,79,122,116,108,110,74,63,62,64,64,94,106,110,110,102,117,112,101,93,95,115,146,152,164,159,118,148,157,161,162,171,172,166,160,159,156,158,156,151,148,144,133,102,103,119,143,144,142,114,96,95,107,90,101,122,142,121,133,116,115,133,108,146,161,173,181,174,159,183,194,194,197,183,187,216,221,214,210
97,109,128,120,123,118,119,126,120,115,113,110,115,123,122,119,127,132,142,134,138,134,135,133,129,139,134,130,134,141,126,128,139,148,143,148,159,163,156,147,130,133,144,122,137,142,124,154,132,149,134,148,134,114,108,109,119,121,121,138,136,127,128,148,155,133,115,112,111,95,81,83,91,86,76,68,81,77,87,99,76,60,50,41,41,36,33,32,44,36,32,30,34,37,36,55,54,72,63,66,80,85,69,62,52,50,61,64,71,72,60,57,69,86,75,64,56,51,52,50,50,52,60,55,55,60,62,49,39,39,44,49,50,55,53,54,46,40,42,43,69,70,48,54,73,97,93,98,85,101,107,69,55,50,53,58,95,109,86,77,75,90,87,87,56,49,48,45,51,53,55,52,53,49,50,57,74,84,72,107,115,86,84,60,60,62,68,90,105,112,124,120,117,127,129,127,122,99,114,132,138,153,143,115,141,145,146,147,160,160,152,150,146,146,144,144,143,136,131,136,124,103,110,127,138,139,115,113,78,88,93,123,120,130,108,126,115,118,111,118,134,141,155,153,144,153,169,175,200,186,168,194,213,205,185,185
103,112,130,116,117,113,123,124,121,121,123,122,119,127,132,125,129,138,142,147,139,144,136,131,132,137,135,126,135,140,127,127,134,135,141,146,155,149,152,146,131,121,133,130,124,144,116,148,128,132,133,159,143,141,111,97,113,110,129,143,134,121,139,158,148,123,120,100,106,86,81,88,92,75,73,96,102,102,104,101,87,93,71,51,47,45,37,32,34,30,32,27,35,35,44,60,70,65,64,75,81,80,65,59,52,49,65,66,76,79,69,72,79,83,75,65,62,54,47,46,48,54,62,55,51,59,60,49,40,38,41,44,47,48,46,44,41,41,41,43,52,63,54,38,55,88,88,98,81,89,90,76,49,49,51,56,90,105,71,67,69,86,80,60,47,45,48,44,57,63,59,55,57,51,50,51,54,53,56,61,68,58,55,62,66,67,76,87,100,112,109,113,131,117,128,135,126,131,95,109,125,132,118,112,131,137,135,145,146,146,138,138,138,134,132,128,139,130,123,124,119,117,102,113,133,144,115,96,77,80,87,132,112,121,109,115,106,106,114,120,122,116,131,142,132,141,153,179,223,205,182,167,207,200,185,169
109,114,108,102,110,112,121,119,119,116,122,126,124,128,139,143,138,141,145,139,144,149,139,132,146,138,134,129,131,134,132,125,126,134,147,156,153,150,138,134,143,122,116,133,118,118,124,137,120,128,127,142,160,150,145,108,102,122,138,140,116,111,137,136,147,134,115,98,93,90,101,101,78,71,107,107,93,102,114,102,111,100,83,68,52,46,43,37,31,30,32,29,36,36,47,63,55,79,54,59,64,66,77,55,49,51,61,59,72,74,74,80,83,80,84,82,76,65,56,46,45,50,57,51,48,53,63,63,54,41,38,40,45,45,39,39,38,35,41,44,46,47,47,41,44,60,70,81,53,73,86,85,50,44,48,52,79,83,70,58,57,69,50,49,47,48,46,46,54,78,68,66,62,56,55,58,53,53,56,58,58,59,62,66,78,91,84,77,90,96,92,106,117,111,115,117,127,134,118,102,102,110,104,116,123,125,133,137,135,143,135,123,125,128,127,122,121,125,108,118,109,113,97,121,140,141,136,82,75,79,111,124,94,99,109,103,104,105,123,129,143,141,147,140,156,155,150,186,221,209,184,166,187,196,187,173
98,101,101,103,105,114,114,112,118,119,129,138,135,130,143,153,149,145,146,151,152,153,138,137,142,133,135,129,137,138,130,135,137,129,140,149,148,140,146,129,131,131,123,120,123,106,138,137,137,116,120,126,134,149,125,128,98,121,126,123,114,121,128,135,152,162,154,129,113,114,94,87,81,87,110,95,89,92,93,92,92,98,90,76,66,51,39,36,31,34,37,35,35,37,52,71,63,69,52,56,59,58,59,52,50,50,57,55,63,66,62,73,82,78,76,82,77,64,61,55,48,51,53,48,45,57,59,63,71,47,38,37,39,39,35,33,39,36,37,39,44,43,40,42,40,56,68,45,50,46,74,82,46,53,48,51,69,54,51,49,49,51,49,49,52,51,45,49,59,94,83,77,70,67,62,63,56,57,59,59,61,60,59,79,80,99,104,100,88,86,89,101,98,109,114,108,117,121,121,117,105,115,119,126,125,123,132,131,132,145,157,145,120,118,113,109,107,109,107,113,108,107,106,103,119,125,139,78,67,83,100,92,101,120,105,136,133,142,139,136,136,158,155,171,156,184,195,213,208,196,195,173,162,176,188,174
116,105,102,107,110,109,107,112,121,131,140,134,128,130,137,155,154,145,150,149,155,157,145,150,140,139,136,137,142,134,129,140,135,136,148,146,143,135,136,137,119,134,135,119,119,109,121,129,126,121,114,135,119,141,125,127,97,116,109,109,113,132,151,148,154,164,153,138,115,110,100,87,82,109,100,94,74,74,84,85,74,80,90,84,68,55,50,52,46,39,31,35,30,33,47,70,78,59,50,57,54,56,49,46,42,52,60,55,65,62,64,79,83,73,73,73,82,61,59,59,55,46,45,44,52,53,55,64,67,62,38,36,36,36,35,36,39,42,37,38,39,42,61,53,43,61,58,46,49,49,54,53,46,72,48,45,48,52,47,45,49,49,47,50,50,51,54,69,83,87,87,91,85,79,76,70,63,63,63,68,74,66,65,89,83,86,94,94,94,90,86,87,93,102,103,100,101,109,112,116,107,106,115,117,122,128,127,120,134,148,162,150,138,135,142,124,135,116,126,119,100,93,102,91,102,136,121,80,69,89,91,112,126,136,123,118,119,136,138,151,150,162,186,197,171,193,216,211,205,183,177,171,153,162,174,184
117,117,115,111,111,111,114,119,125,130,133,132,127,125,138,152,148,139,140,150,167,159,163,154,150,147,147,145,146,135,134,144,140,140,146,145,133,123,115,110,119,123,130,121,114,113,108,121,122,121,111,128,113,139,139,116,93,96,113,105,125,145,175,154,150,154,147,133,113,104,83,105,114,117,110,90,96,83,64,61,78,68,66,83,77,65,54,50,47,43,31,24,33,35,32,46,69,61,49,45,41,40,43,37,41,44,52,76,63,55,63,74,78,67,68,72,73,71,55,52,56,47,44,43,49,52,51,57,55,59,34,34,35,35,37,38,40,51,50,44,44,56,66,54,44,48,49,46,51,46,55,46,61,75,50,45,44,48,47,46,69,59,53,52,51,55,60,69,77,83,83,83,85,89,80,74,78,79,71,79,75,66,65,83,90,80,82,80,88,93,99,107,101,92,88,97,101,103,116,121,112,106,107,110,114,117,123,131,133,150,158,158,149,153,147,144,145,135,145,135,125,129,106,102,88,103,115,85,92,117,123,131,138,129,135,119,118,127,132,153,166,169,186,211,200,197,201,212,209,194,191,181,166,146,162,175
118,135,117,123,122,113,111,119,124,124,126,126,123,126,153,158,144,142,136,152,158,160,168,151,155,163,154,148,148,145,139,148,144,139,145,139,129,123,133,121,110,109,114,112,108,109,100,109,105,97,110,100,125,148,119,123,90,96,122,141,136,155,160,158,147,139,155,146,125,100,106,130,111,106,99,91,85,80,73,71,62,64,52,65,76,85,76,60,44,39,36,36,28,32,26,38,45,34,34,36,35,34,35,37,36,51,71,60,55,59,76,78,83,73,61,70,73,71,69,52,47,48,44,47,51,57,57,56,53,53,54,36,34,34,39,37,45,51,63,63,52,61,69,77,48,44,42,44,53,56,58,52,61,64,62,51,55,51,55,54,65,62,52,53,54,55,60,61,67,70,74,76,78,80,83,79,83,85,79,75,81,83,83,71,79,83,90,82,81,92,97,104,108,107,101,97,99,104,113,114,121,126,122,123,121,122,133,130,145,150,140,141,136,145,141,140,145,151,149,130,141,133,121,117,107,85,99,88,92,108,123,120,114,112,120,125,116,113,133,149,157,154,197,209,196,189,183,191,195,187,180,176,169,171,142,156
126,136,133,132,126,119,115,111,113,116,119,121,128,141,149,156,139,139,143,146,154,150,158,145,154,148,143,144,164,161,145,147,146,145,142,137,128,134,129,114,126,115,109,106,103,103,100,103,103,111,102,96,129,144,129,114,90,105,135,158,150,151,157,150,135,143,153,161,138,128,133,131,104,102,93,86,74,81,88,91,88,69,64,51,66,71,68,68,48,39,43,48,33,29,32,31,32,35,34,40,56,49,45,57,48,44,50,52,70,69,73,88,84,76,62,67,64,64,65,57,49,43,48,41,53,60,57,55,52,52,61,37,35,40,66,57,56,52,58,64,60,69,72,72,47,46,43,42,49,50,54,53,50,69,91,70,61,60,73,62,59,66,61,61,59,57,55,59,62,63,66,71,71,74,80,81,81,78,79,78,76,74,71,75,71,73,80,91,91,88,95,96,101,111,115,110,106,104,108,112,123,137,142,135,125,136,143,148,152,151,148,144,134,131,126,126,129,129,132,132,131,128,120,114,123,114,84,80,76,100,102,107,102,107,114,124,128,125,129,134,144,149,180,195,194,182,165,179,191,202,178,171,155,164,151,155
129,142,127,138,135,124,113,118,120,119,118,125,138,135,147,147,137,132,140,142,151,148,153,136,146,158,135,140,153,152,151,137,136,143,147,133,130,123,119,127,134,120,123,121,110,100,108,115,123,119,93,107,131,141,136,123,90,108,168,183,157,141,162,143,127,138,146,148,160,148,133,111,106,111,99,100,88,87,83,83,86,81,65,51,53,64,64,50,42,42,37,35,29,26,23,27,29,30,37,35,45,56,44,50,61,52,42,48,54,57,68,87,83,72,78,59,60,64,59,67,58,44,42,40,58,61,62,55,62,71,53,36,38,67,72,75,70,64,65,70,65,71,69,54,42,47,73,60,60,48,53,49,51,68,103,92,75,65,67,58,59,61,66,69,62,64,62,60,60,59,67,72,67,71,74,77,79,84,82,81,82,78,76,71,76,81,79,79,88,90,92,95,100,105,104,117,116,103,105,119,129,139,142,149,133,142,136,140,134,133,134,131,133,127,125,118,126,111,115,112,112,119,116,114,118,122,105,92,80,80,81,92,99,96,105,123,148,145,155,161,153,152,165,181,179,178,163,174,183,197,182,195,168,160,149,150
148,132,130,128,139,124,123,124,131,140,126,132,137,146,167,140,134,134,138,154,140,145,145,132,151,144,129,147,156,150,138,127,143,137,139,134,137,132,126,136,119,125,127,138,131,130,135,112,109,104,92,97,116,142,139,124,92,111,156,176,160,133,151,135,128,125,141,155,154,144,139,117,100,91,85,83,88,85,69,73,74,74,75,69,51,44,48,40,38,33,30,31,30,30,40,42,40,37,35,44,41,47,48,45,49,56,59,50,59,62,77,82,83,71,68,55,61,65,56,63,66,53,42,38,54,66,61,57,73,53,37,38,31,50,74,74,75,79,79,74,78,81,59,79,50,71,80,61,68,56,50,51,55,91,117,107,70,76,67,60,57,58,60,73,73,66,66,64,67,65,67,70,69,64,71,73,82,88,91,86,83,85,85,72,75,76,85,83,79,85,92,92,94,97,103,105,112,106,113,111,118,126,129,135,133,132,129,130,130,125,116,114,114,115,110,107,111,106,110,112,102,114,114,105,107,105,101,103,84,81,76,90,95,100,123,139,141,140,129,148,160,172,178,187,173,157,158,179,189,203,192,185,191,177,148,171
131,120,119,130,135,129,129,139,143,137,137,134,135,150,159,141,133,136,149,140,143,138,139,130,152,138,129,145,156,136,140,123,141,139,134,150,133,134,129,123,124,139,134,142,132,144,133,123,119,117,113,93,111,135,144,117,89,109,143,172,154,131,146,153,126,124,136,153,149,140,133,114,95,92,78,75,76,83,72,59,61,63,63,74,67,62,56,60,49,62,26,27,33,47,49,63,51,45,51,53,53,53,46,42,50,56,56,50,54,59,66,75,77,75,65,58,51,51,54,58,65,63,46,38,49,62,54,60,67,37,33,34,31,48,70,61,64,77,78,78,80,94,89,91,101,114,101,68,68,57,52,62,75,89,116,98,74,73,66,63,57,62,60,62,69,71,69,74,73,65,62,65,72,71,69,75,76,82,98,95,91,89,88,86,77,82,83,86,83,82,84,92,90,94,97,102,106,106,112,108,113,115,119,121,122,121,122,124,121,123,119,105,109,110,100,98,101,101,98,103,98,105,111,115,117,109,101,103,99,96,76,74,85,103,123,122,136,131,142,140,149,175,190,188,177,172,152,167,176,185,193,178,169,185,163,162
118,111,121,130,154,146,140,151,148,142,148,135,126,147,156,142,132,135,141,129,141,142,141,124,130,134,128,140,151,137,135,130,135,137,126,141,139,139,140,132,136,135,131,127,125,124,134,123,127,126,112,102,95,121,131,108,91,134,127,169,136,145,129,149,129,118,118,146,146,135,129,108,86,81,78,80,69,70,70,64,63,53,39,54,54,62,62,63,67,43,30,31,44,56,57,52,59,77,82,82,68,59,56,53,54,59,59,52,53,57,59,65,78,76,75,63,62,58,46,51,57,61,52,38,42,62,54,48,66,46,31,35,37,38,39,54,57,60,61,80,95,102,117,92,85,97,101,73,64,56,52,60,67,73,100,108,84,77,72,72,57,66,64,62,62,72,75,73,88,78,66,69,74,83,72,76,76,86,93,100,94,88,88,90,82,84,86,80,85,88,87,93,96,96,93,98,104,106,112,118,125,123,125,116,111,110,113,113,111,114,116,113,99,102,110,100,92,99,98,93,91,91,103,111,144,116,106,94,102,94,72,73,96,99,116,111,121,124,137,152,163,180,182,178,169,175,161,171,157,179,176,174,167,174,173,176
115,132,133,130,138,152,147,159,155,138,138,133,124,144,142,135,135,129,134,145,149,158,146,135,128,128,132,132,148,137,132,130,128,130,125,142,155,165,140,133,128,129,123,123,120,118,117,117,117,124,115,113,92,90,113,99,97,136,155,163,137,130,133,150,127,112,129,144,144,126,129,100,96,86,69,65,62,67,61,52,50,56,44,41,49,47,41,49,61,32,26,27,28,39,34,46,71,84,70,96,88,76,63,66,65,66,64,63,56,64,66,65,69,72,77,68,74,69,54,48,49,51,51,44,41,57,61,58,49,51,37,32,33,34,39,55,82,96,80,64,100,106,125,121,105,109,95,86,64,60,58,56,61,68,72,83,83,91,79,69,66,68,75,68,64,67,72,82,85,76,74,71,77,87,77,80,83,82,93,99,94,94,88,98,92,93,89,88,88,84,92,94,97,104,101,100,101,104,114,119,129,130,128,114,116,109,106,108,108,107,103,110,98,101,100,111,101,88,100,90,89,88,99,123,123,106,100,101,86,78,74,77,94,96,96,120,140,153,153,155,172,187,183,180,164,173,160,144,163,174,186,161,158,159,160,166
114,124,119,128,141,147,140,142,152,145,134,134,123,135,138,131,130,130,132,138,150,149,154,139,125,127,139,139,141,136,127,129,131,129,132,151,153,169,146,129,127,119,115,112,111,108,102,107,112,124,118,112,100,83,95,87,109,134,137,154,143,128,127,151,127,107,134,129,131,124,127,100,92,84,83,76,63,61,63,62,61,62,55,37,35,41,37,29,35,31,26,28,39,54,46,37,57,59,63,81,76,78,88,87,83,88,81,67,66,68,68,71,66,65,71,79,73,78,70,62,43,45,51,47,40,42,51,46,41,40,37,35,40,56,39,45,51,93,107,100,78,84,102,112,109,103,80,79,63,64,57,54,57,58,66,73,85,91,91,81,74,72,77,73,67,69,73,81,81,76,71,74,78,88,85,84,86,84,94,97,99,95,94,95,97,100,92,90,90,90,93,106,107,104,108,110,107,113,120,124,135,133,128,123,119,115,112,104,105,105,101,103,101,98,98,109,105,94,93,90,85,85,105,117,135,115,96,85,79,74,97,91,95,105,111,138,143,143,152,147,169,184,179,179,186,160,167,155,166,181,184,174,173,151,164,152
109,115,120,131,137,141,136,131,149,135,122,125,125,142,143,128,128,125,124,140,144,148,152,140,140,120,132,138,137,136,124,124,120,131,132,153,154,182,176,138,150,133,125,128,119,117,101,102,102,109,106,113,102,82,86,113,122,125,137,133,145,135,129,143,115,114,123,115,116,139,125,94,83,77,67,68,64,57,50,54,43,51,40,39,54,60,46,24,30,26,25,18,49,58,66,52,39,46,60,71,67,85,93,97,101,95,95,72,70,63,61,60,66,57,55,67,69,67,60,71,70,60,41,51,58,38,39,38,40,40,37,34,39,70,49,39,46,92,118,107,94,119,103,115,120,90,74,66,68,68,57,63,60,58,65,68,76,81,85,77,73,76,80,75,68,70,73,85,87,79,73,74,80,83,91,86,90,91,94,92,103,103,103,98,105,102,102,91,96,92,87,98,111,112,110,109,119,118,132,143,160,144,136,132,134,128,122,115,97,98,101,102,97,93,91,103,97,100,96,86,80,85,98,114,125,132,90,74,69,98,113,121,117,134,141,140,133,142,139,141,178,186,162,171,179,152,155,158,169,169,170,175,166,160,146,143
110,118,123,124,123,128,131,128,144,128,121,124,127,132,125,118,122,129,142,159,148,158,163,143,126,130,119,135,134,136,123,120,120,129,125,131,144,156,166,148,166,142,134,131,125,113,115,116,100,105,117,105,93,80,91,116,111,118,129,126,135,135,119,140,108,112,112,128,139,145,138,90,96,105,83,84,65,56,55,50,51,51,52,63,62,70,57,47,26,22,26,33,55,58,67,70,63,55,47,59,74,85,86,95,98,85,85,69,71,56,58,59,65,55,51,52,54,59,53,49,66,67,55,35,62,38,29,34,34,35,27,61,78,84,72,49,37,66,107,109,120,113,126,119,118,95,82,82,68,63,64,71,64,67,66,65,65,74,85,77,81,83,86,87,79,75,82,89,90,84,78,87,84,85,98,93,90,92,97,96,103,113,109,109,108,112,106,92,97,99,93,97,99,107,121,123,132,154,151,174,187,183,143,163,148,131,117,114,107,99,91,95,101,97,89,88,94,100,97,103,92,79,80,93,92,96,72,77,106,124,122,126,120,124,124,118,131,135,127,140,170,180,157,151,161,160,141,159,168,151,169,162,177,167,147,140
122,132,133,119,120,122,123,122,144,137,127,122,129,120,119,126,133,147,142,148,140,147,161,138,135,120,116,129,142,140,127,119,115,117,120,134,137,140,140,141,148,170,145,122,118,109,123,118,111,98,99,117,90,75,84,99,103,110,112,124,136,130,119,142,102,130,131,131,159,146,134,105,132,108,99,99,77,59,59,74,76,69,64,61,53,58,54,47,29,21,55,64,57,76,84,89,90,76,75,66,69,72,76,102,89,83,78,72,65,59,52,55,66,57,46,49,49,47,43,30,42,53,61,50,35,33,31,33,35,34,52,78,91,106,93,82,46,53,110,101,105,78,82,85,91,89,85,79,78,72,69,72,66,73,69,63,62,70,82,86,90,90,89,84,76,79,79,90,92,89,84,97,93,100,104,99,89,98,99,107,108,110,116,119,111,105,103,107,99,100,102,104,107,115,139,149,166,166,170,175,175,176,170,165,158,131,113,105,103,100,93,89,96,100,101,95,86,98,100,116,124,109,84,78,76,68,84,97,99,124,113,107,106,115,116,105,117,115,127,139,170,192,166,149,142,161,149,176,170,152,169,151,173,181,156,149
125,134,132,119,125,115,119,125,129,131,128,120,118,112,122,130,134,148,140,141,130,153,162,144,149,129,116,122,131,129,130,120,110,116,133,127,148,133,130,131,159,167,153,129,121,114,112,114,110,94,94,123,109,81,75,84,105,97,100,116,124,127,104,129,111,147,119,130,148,153,138,124,137,128,137,86,76,74,76,73,72,79,58,58,48,50,35,30,27,24,64,66,62,86,81,85,82,90,90,86,81,81,103,112,84,75,75,69,60,59,50,62,57,47,48,38,44,38,29,31,30,31,55,56,40,33,33,32,36,45,58,57,69,92,114,90,76,46,75,70,61,64,68,75,77,88,90,92,88,85,74,81,79,81,73,67,67,70,74,84,95,87,83,80,84,85,82,86,99,89,88,102,113,115,107,99,95,104,109,105,115,117,119,122,106,105,111,109,105,113,102,109,120,126,148,156,171,171,174,170,171,167,172,171,149,135,140,125,110,106,107,102,91,100,107,118,87,89,100,132,127,129,119,112,79,67,91,99,96,94,98,97,104,98,101,110,117,119,124,142,147,190,193,175,153,148,156,164,170,145,162,147,158,171,167,163
129,125,124,130,117,114,112,125,120,125,132,121,106,109,124,138,156,150,138,136,139,148,156,146,130,120,113,116,121,127,134,114,108,122,133,133,142,130,125,129,139,137,161,148,121,116,108,107,96,89,85,106,117,85,73,72,93,91,91,104,114,120,107,113,102,127,122,139,143,147,147,114,123,132,153,103,92,74,62,64,68,71,61,51,43,36,28,30,26,41,72,71,75,63,70,82,73,72,75,94,91,100,108,103,98,70,81,69,72,52,40,72,63,47,65,37,40,39,29,32,33,26,51,49,33,31,34,30,34,45,67,80,66,86,113,111,97,52,53,66,69,65,62,65,72,82,87,94,109,102,91,88,84,81,70,65,76,70,71,78,97,90,86,82,85,90,95,87,87,98,89,102,111,128,124,109,104,114,109,116,121,133,139,132,117,122,115,112,113,113,105,116,131,148,146,160,161,167,165,166,160,157,168,169,149,137,133,126,123,139,130,111,101,89,98,107,99,79,90,125,121,120,113,95,84,73,83,93,106,102,108,108,108,114,111,121,143,160,154,150,147,170,195,176,161,150,143,154,150,144,138,147,174,157,158,161
139,120,119,124,115,105,119,132,123,111,121,107,110,111,129,138,164,151,135,127,137,144,140,144,145,111,119,118,115,127,124,114,109,132,125,126,147,136,123,122,127,133,167,160,132,122,117,107,106,97,86,99,110,107,87,72,78,92,90,106,108,115,111,98,96,121,111,117,136,131,134,129,116,130,146,104,100,77,64,55,48,56,58,57,51,34,33,23,26,36,62,59,72,52,62,55,54,69,76,81,90,97,99,99,88,82,62,69,67,55,46,74,65,41,65,55,36,31,28,36,50,29,53,44,36,28,29,31,41,54,69,80,76,88,97,107,81,58,68,82,85,83,66,68,80,81,82,95,100,99,100,102,93,75,78,76,82,83,74,75,99,95,88,88,90,99,95,89,87,100,99,103,111,125,128,117,115,131,128,127,138,143,150,131,130,139,128,127,130,124,114,120,147,151,147,151,159,163,156,166,157,153,151,159,152,153,140,132,131,128,128,122,112,85,88,99,91,87,80,101,113,109,111,91,81,67,76,95,111,108,111,113,126,123,111,125,139,151,177,177,170,175,187,174,179,167,131,131,150,148,133,158,170,144,145,150
137,122,113,126,130,110,119,125,134,116,109,102,118,123,131,135,161,143,133,125,142,163,132,123,139,112,117,122,117,134,122,113,109,129,124,125,140,139,124,120,121,131,150,154,152,144,118,111,101,95,85,93,101,101,96,76,75,87,86,91,101,115,117,98,96,112,105,122,127,124,127,130,84,129,145,119,110,77,81,58,46,44,55,48,52,45,31,27,24,34,61,56,63,45,42,42,57,70,80,75,82,85,92,89,77,74,62,51,59,68,47,59,68,42,56,64,38,26,26,38,65,44,37,44,30,28,49,45,45,65,85,86,86,100,94,97,77,55,64,78,77,86,84,73,71,76,77,87,86,92,107,106,96,82,84,78,84,90,82,87,94,101,96,95,108,114,99,96,98,95,106,114,130,120,115,126,114,128,151,149,139,158,166,161,156,154,157,160,149,136,123,128,148,144,141,161,171,153,152,156,150,141,150,158,148,139,127,126,122,111,118,114,113,101,87,86,84,85,82,93,102,99,94,83,75,64,76,95,98,100,115,130,148,145,125,127,147,170,184,181,181,175,184,173,154,147,142,126,152,140,132,154,159,149,142,163
126,113,108,137,128,108,120,113,124,106,105,104,123,130,118,143,160,142,126,122,137,155,145,121,128,104,128,115,118,126,117,110,112,133,118,131,139,136,125,119,114,127,127,149,161,139,123,109,102,101,87,86,99,93,95,78,69,75,77,94,100,110,110,102,93,92,98,109,118,130,115,109,94,129,137,117,106,77,114,81,56,37,37,39,40,33,26,30,30,51,48,40,43,39,44,44,45,51,55,61,65,74,86,83,84,70,56,46,51,53,49,56,64,39,64,49,36,27,32,39,71,50,29,29,26,35,79,57,39,65,76,85,94,82,94,101,65,67,58,64,76,80,81,89,80,86,90,100,91,89,99,106,102,95,93,87,96,93,89,95,95,104,93,100,117,125,117,103,97,108,122,141,149,142,130,133,132,122,144,144,151,164,167,160,171,181,184,181,164,157,146,125,170,149,145,156,166,151,146,149,157,143,140,156,149,133,117,108,114,115,108,105,101,99,97,102,89,85,78,75,87,114,98,87,79,65,81,86,92,105,119,176,185,185,163,152,160,175,165,183,184,178,174,171,163,147,141,122,143,136,138,142,151,130,144,159
115,113,101,112,113,104,118,114,102,109,115,116,121,137,135,147,147,122,123,111,129,150,135,134,113,103,124,106,115,119,106,104,118,124,112,125,139,123,133,112,116,120,121,143,144,155,152,107,104,98,91,89,84,84,88,77,70,72,76,93,94,114,105,104,107,90,86,111,111,124,118,104,94,121,110,112,84,120,119,95,100,75,40,32,36,24,23,27,28,39,43,43,49,52,68,73,67,57,51,69,77,70,79,81,72,71,55,48,46,43,40,37,52,33,57,42,27,32,31,56,66,66,41,44,58,67,78,59,42,69,81,69,71,79,91,78,92,71,68,62,64,73,89,91,82,93,89,96,100,105,112,120,113,111,110,95,105,105,96,103,99,112,106,105,127,133,124,113,114,122,151,145,150,145,157,156,165,144,140,146,145,156,157,147,158,172,176,167,164,173,164,141,158,150,149,162,151,158,139,147,154,140,140,151,145,127,125,115,99,105,103,95,90,94,91,83,87,89,88,73,70,113,99,93,83,66,73,86,97,113,125,161,172,158,153,164,165,156,159,171,164,156,163,168,160,145,139,131,119,120,133,141,129,135,150,156
120,114,103,105,118,107,104,102,100,111,135,129,122,129,140,157,150,124,115,110,123,141,144,120,119,103,116,105,113,106,102,122,135,120,111,134,149,126,125,121,109,125,129,134,150,162,147,129,105,96,89,90,84,86,80,79,93,80,75,92,102,109,107,98,102,100,82,96,111,115,115,92,88,118,93,107,101,115,122,119,113,90,63,42,44,25,24,31,30,58,64,67,73,66,64,66,70,69,55,73,88,82,87,78,63,63,49,58,55,54,53,35,34,32,33,33,30,32,40,65,57,63,71,79,85,89,85,56,44,74,72,47,64,75,66,66,73,80,77,66,58,79,82,79,92,101,116,93,100,116,118,113,110,119,129,112,115,114,110,111,115,114,112,116,119,134,149,128,123,145,148,140,145,139,154,152,152,135,142,137,149,150,149,141,146,160,154,158,159,160,150,147,153,141,152,165,155,149,138,143,140,129,134,146,136,129,121,116,111,102,95,91,87,87,89,86,79,80,78,76,66,95,93,89,70,65,73,86,126,130,143,171,155,151,157,151,141,137,151,164,146,157,168,159,150,157,153,135,133,129,112,127,134,155,155,154
122,111,105,98,110,96,93,97,108,123,145,144,126,129,143,158,162,129,113,108,118,142,135,137,110,97,100,109,108,104,104,119,132,122,106,119,149,125,122,132,115,128,127,142,162,144,138,132,105,101,94,91,79,75,83,89,102,91,81,93,94,104,109,94,98,108,85,97,115,108,114,87,80,117,96,98,88,113,106,98,106,101,88,41,41,32,21,30,35,45,61,77,64,63,62,60,65,70,69,63,89,93,88,78,60,64,71,72,68,55,50,43,29,30,20,29,30,29,31,43,55,73,76,71,71,93,89,61,52,54,48,59,48,60,49,65,82,79,82,79,55,70,73,74,95,126,136,122,108,113,107,103,112,135,152,141,120,118,128,117,129,110,124,124,124,142,168,128,134,148,148,135,140,134,155,155,142,137,138,139,151,150,145,140,141,154,144,142,148,150,143,155,144,137,141,156,149,147,141,145,133,124,147,146,132,126,125,115,109,97,108,99,96,106,107,97,93,94,89,69,62,83,87,78,70,64,99,110,124,139,170,176,149,139,143,141,155,157,157,153,141,148,156,161,152,151,158,159,153,139,116,114,136,152,153,151
125,108,100,104,94,115,120,130,144,146,148,156,138,130,132,130,125,120,108,127,144,147,153,135,122,101,102,99,92,118,134,130,132,117,107,110,115,130,110,117,103,121,134,145,132,138,139,140,121,103,100,94,98,95,93,99,93,87,71,75,94,105,111,110,107,90,94,84,96,119,87,86,94,97,76,59,75,83,85,100,83,90,96,90,56,27,25,26,26,47,61,62,53,44,45,48,57,64,70,83,87,93,98,96,88,72,64,60,48,46,36,44,48,28,30,27,29,42,63,53,42,46,48,51,66,67,60,78,69,47,64,61,67,64,73,64,62,72,79,87,78,70,63,78,108,130,129,108,102,106,108,115,123,128,157,146,142,133,152,146,132,137,144,158,172,170,161,152,147,161,155,149,134,130,140,134,127,128,133,141,154,155,174,136,125,137,135,148,140,142,139,132,133,140,151,150,147,135,138,125,136,149,153,171,146,131,120,124,122,118,119,120,115,120,110,112,104,95,104,109,101,79,60,66,59,87,102,116,132,133,164,162,153,146,134,158,164,169,150,148,129,132,146,166,159,149,159,164,165,138,127,113,129,143,147,146
128,104,97,102,95,101,113,138,149,152,151,145,139,132,124,122,117,124,106,141,122,144,145,143,125,99,92,91,110,120,143,123,124,119,104,108,111,129,105,107,104,129,148,141,125,142,143,162,127,114,95,90,89,94,91,90,87,89,70,66,77,95,116,102,96,88,79,82,99,118,101,74,68,84,84,72,49,71,76,95,74,90,75,82,95,27,29,19,25,45,40,41,40,38,40,44,53,60,72,79,87,107,100,90,73,62,61,48,44,57,63,68,48,29,30,32,28,28,32,50,36,29,55,79,117,87,85,60,96,52,65,60,83,81,67,63,80,70,79,83,88,79,80,77,93,112,119,106,104,102,125,106,121,138,159,135,138,128,139,139,128,140,141,153,162,156,149,159,154,142,151,150,133,123,131,127,124,128,130,150,142,145,163,132,123,143,133,145,140,139,124,128,142,159,156,157,137,130,134,119,134,151,178,171,162,126,136,156,135,133,122,117,105,113,105,110,119,106,97,113,113,94,69,58,65,99,139,121,150,131,124,117,126,160,139,134,133,128,118,113,130,158,161,159,161,146,148,144,136,144,142,136,118,109,123,130
